11.942965 
5.507350 
5.489418 
5.269005 
14.171823 
1.682211 
7.872084 
5.425307 
13.693155 
0.591148 
8.203882 
7.900586 
10.297846 
2.362482 
6.790408 
11.657255 
12.676877 
4.370436 
6.229114 
5.098250 
14.345908 
1.115819 
8.164913 
5.839193 
13.084521 
0.801626 
7.966031 
8.792943 
9.142601 
3.100017 
6.341805 
12.553464 
13.313144 
3.333313 
6.888400 
5.058898 
14.327894 
0.742556 
8.315461 
6.400149 
12.299801 
1.183146 
7.633206 
9.739992 
7.932807 
3.890733 
5.918071 
13.359480 
13.820444 
2.428248 
7.442413 
5.165363 
14.110258 
0.568296 
8.325503 
7.094163 
11.361407 
1.712814 
7.231462 
10.707016 
6.707763 
4.698923 
5.550748 
14.041768 
12.133759 
5.215696 
5.680331 
5.215020 
14.232662 
1.523118 
7.958456 
5.514490 
13.558475 
0.626709 
8.154577 
8.116767 
10.016230 
2.539951 
6.677698 
11.887815 
12.846384 
4.100460 
6.402535 
5.075421 
14.359837 
1.004035 
8.215944 
5.966072 
12.904087 
0.881765 
7.890784 
9.025886 
8.843756 
3.294100 
6.232282 
12.764791 
13.453196 
3.093513 
7.037624 
5.071425 
14.292327 
0.680276 
8.330917 
6.561876 
12.078592 
1.302693 
7.538125 
9.981288 
7.626416 
4.092538 
5.819761 
13.542883 
13.923844 
2.225909 
7.562094 
5.215817 
14.024504 
0.555773 
8.306946 
7.286172 
11.106019 
1.865179 
7.123669 
10.947607 
6.403803 
4.899546 
5.471222 
14.189447 
12.320036 
4.928610 
5.867564 
5.168348 
14.282116 
1.375542 
8.036113 
5.613265 
13.411986 
0.673812 
8.098282 
8.337877 
9.729431 
2.722392 
6.565022 
12.114417 
13.009260 
3.837274 
6.570487 
5.061097 
14.361561 
0.904497 
8.258031 
6.102000 
12.712925 
0.972300 
7.809960 
9.261735 
8.542099 
3.490953 
6.124820 
12.969921 
13.584717 
2.862450 
7.179904 
5.093260 
14.244202 
0.630487 
8.337654 
6.731667 
11.848164 
1.431112 
7.439166 
10.223274 
7.319694 
4.294873 
5.725463 
13.718042 
14.017102 
2.033903 
7.673734 
5.275949 
13.926325 
0.555502 
8.280333 
7.484852 
10.843282 
2.024579 
7.013897 
11.186568 
6.102006 
5.098517 
5.397488 
14.327112 
12.501253 
4.646669 
6.050644 
5.129322 
14.319937 
1.239710 
8.104956 
5.721540 
13.253916 
0.732209 
8.035318 
8.563436 
9.438025 
2.909263 
6.452888 
12.336488 
13.165009 
3.581392 
6.732569 
5.055519 
14.350948 
0.817312 
8.291189 
6.246770 
12.511375 
1.072884 
7.723962 
9.499955 
8.238243 
3.690019 
6.019919 
13.168324 
13.707270 
2.640557 
7.314929 
5.124537 
14.183505 
0.593176 
8.335798 
6.909207 
11.608949 
1.567969 
7.336788 
10.465377 
7.013268 
4.497185 
5.635641 
13.884489 
14.099870 
1.852567 
7.777124 
5.345781 
13.815829 
0.567348 
8.245893 
7.689799 
10.573713 
2.190517 
6.902642 
11.423311 
5.802986 
5.295312 
5.329952 
14.454372 
-0.036326 
0.038476 
-0.011971 
0.005606 
-0.019060 
0.026990 
-0.000890 
-0.016611 
0.008505 
0.006262 
0.012996 
-0.036404 
0.031680 
-0.009889 
0.017149 
-0.040976 
-0.033608 
0.037126 
-0.010153 
0.000626 
-0.012606 
0.022146 
0.002843 
-0.022367 
0.015298 
0.001283 
0.015350 
-0.039332 
0.035196 
-0.011891 
0.015731 
-0.038993 
-0.029739 
0.034666 
-0.007587 
-0.004880 
-0.005697 
0.016922 
0.006546 
-0.027731 
0.021564 
-0.003180 
0.016901 
-0.041124 
0.037530 
-0.012902 
0.013286 
-0.035794 
-0.024837 
0.031230 
-0.004437 
-0.010703 
0.001423 
0.011549 
0.009999 
-0.032479 
0.027087 
-0.006952 
0.017528 
-0.041687 
0.038625 
-0.012916 
0.009875 
-0.031482 
-0.035759 
0.038249 
-0.011594 
0.004421 
-0.017502 
0.025827 
0.000034 
-0.018074 
0.010240 
0.004980 
0.013652 
-0.037236 
0.032665 
-0.010479 
0.016892 
-0.040597 
-0.032745 
0.036611 
-0.009576 
-0.000709 
-0.010912 
0.020867 
0.003780 
-0.023754 
0.016923 
0.000112 
0.015818 
-0.039891 
0.035893 
-0.012237 
0.015214 
-0.038304 
-0.028605 
0.033892 
-0.006847 
-0.006315 
-0.003927 
0.015584 
0.007440 
-0.028985 
0.023023 
-0.004194 
0.017148 
-0.041383 
0.037921 
-0.012999 
0.012520 
-0.034815 
-0.023467 
0.030238 
-0.003579 
-0.012181 
0.003207 
0.010210 
0.010799 
-0.033545 
0.028329 
-0.007768 
0.017529 
-0.041630 
0.038704 
-0.012767 
0.008883 
-0.030246 
-0.035117 
0.037947 
-0.011164 
0.003194 
-0.015905 
0.024630 
0.000967 
-0.019523 
0.011953 
0.003720 
0.014264 
-0.038002 
0.033581 
-0.011011 
0.016570 
-0.040141 
-0.031811 
0.036027 
-0.008954 
-0.002074 
-0.009194 
0.019567 
0.004712 
-0.025113 
0.018511 
-0.001025 
0.016234 
-0.040377 
0.036515 
-0.012522 
0.014634 
-0.037540 
-0.027408 
0.033060 
-0.006074 
-0.007766 
-0.002148 
0.014239 
0.008317 
-0.030196 
0.024431 
-0.005162 
0.017336 
-0.041563 
0.038234 
-0.013032 
0.011695 
-0.033769 
-0.022046 
0.029199 
-0.002700 
-0.013661 
0.004985 
0.008880 
0.011567 
-0.034556 
0.029510 
-0.008531 
0.017467 
-0.041492 
0.038705 
-0.012559 
0.007839 
-0.028952 
-0.034399 
0.037572 
-0.010683 
0.001928 
-0.014272 
0.023402 
0.001904 
-0.020955 
0.013640 
0.002487 
0.014831 
-0.038702 
0.034425 
-0.011481 
0.016183 
-0.039605 
-0.030808 
0.035378 
-0.008290 
-0.003465 
-0.007454 
0.018251 
0.005635 
-0.026440 
0.020059 
-0.002123 
0.016596 
-0.040788 
0.037061 
-0.012743 
0.013991 
-0.036703 
-0.026151 
0.032171 
-0.005269 
-0.009230 
-0.000363 
0.012893 
0.009171 
-0.031362 
0.025787 
-0.006082 
0.017463 
-0.041665 
0.038468 
-0.013005 
0.010813 
-0.032657 
-0.020576 
0.028115 
-0.001803 
-0.015139 
0.006752 
0.007563 
0.012300 
-0.035510 
0.030628 
-0.009239 
0.017341 
-0.041274 
0.038629 
-0.012293 
0.006746 
-0.027603 
-0.024109 
0.036718 
-0.024074 
0.007191 
-0.008306 
0.020596 
-0.011336 
-0.010545 
0.016089 
-0.003714 
0.005713 
-0.026695 
0.034854 
-0.021851 
0.014070 
-0.029044 
-0.021582 
0.034150 
-0.022003 
0.003375 
-0.002498 
0.014733 
-0.006938 
-0.015287 
0.021871 
-0.009354 
0.009041 
-0.028914 
0.037155 
-0.024064 
0.013799 
-0.026780 
-0.018022 
0.030502 
-0.019073 
-0.000990 
0.003662 
0.008565 
-0.002481 
-0.019700 
0.027057 
-0.014372 
0.011624 
-0.030096 
0.038252 
-0.025169 
0.012520 
-0.023420 
-0.013545 
0.025924 
-0.015453 
-0.005704 
0.009939 
0.002336 
0.001807 
-0.023568 
0.031444 
-0.018586 
0.013330 
-0.030152 
0.038105 
-0.025159 
0.010285 
-0.019069 
-0.023579 
0.036184 
-0.023644 
0.006299 
-0.006899 
0.019172 
-0.010254 
-0.011749 
0.017578 
-0.005172 
0.006607 
-0.027341 
0.035538 
-0.022506 
0.014098 
-0.028585 
-0.020785 
0.033334 
-0.021345 
0.002327 
-0.000982 
0.013210 
-0.005820 
-0.016430 
0.023232 
-0.010674 
0.009763 
-0.029311 
0.037545 
-0.024446 
0.013572 
-0.026040 
-0.016983 
0.029438 
-0.018226 
-0.002144 
0.005230 
0.007004 
-0.001385 
-0.020726 
0.028237 
-0.015507 
0.012137 
-0.030217 
0.038333 
-0.025271 
0.012048 
-0.022420 
-0.012300 
0.024654 
-0.014462 
-0.006911 
0.011497 
0.000797 
0.002828 
-0.024426 
0.032393 
-0.019496 
0.013608 
-0.029985 
0.037873 
-0.024986 
0.009588 
-0.017843 
-0.022980 
0.035577 
-0.023155 
0.005363 
-0.005459 
0.017718 
-0.009158 
-0.012943 
0.019040 
-0.006599 
0.007461 
-0.027927 
0.036150 
-0.023094 
0.014062 
-0.028054 
-0.019924 
0.032453 
-0.020636 
0.001249 
0.000553 
0.011672 
-0.004703 
-0.017548 
0.024552 
-0.011953 
0.010435 
-0.029641 
0.037858 
-0.024757 
0.013283 
-0.025232 
-0.015889 
0.028319 
-0.017338 
-0.003317 
0.006802 
0.005443 
-0.000302 
-0.021715 
0.029362 
-0.016589 
0.012594 
-0.030268 
0.038335 
-0.025302 
0.011518 
-0.021361 
-0.011008 
0.023341 
-0.013444 
-0.008122 
0.013044 
-0.000727 
0.003821 
-0.025236 
0.033280 
-0.020344 
0.013825 
-0.029744 
0.037564 
-0.024746 
0.008838 
-0.016566 
-0.022314 
0.034898 
-0.022607 
0.004387 
-0.003992 
0.016237 
-0.008051 
-0.014123 
0.020472 
-0.007995 
0.008274 
-0.028453 
0.036689 
-0.023613 
0.013962 
-0.027452 
-0.019003 
0.031508 
-0.019877 
0.000142 
0.002102 
0.010123 
-0.003588 
-0.018640 
0.025828 
-0.013186 
0.011056 
-0.029902 
0.038094 
-0.024998 
0.012932 
-0.024359 
-0.014742 
0.027146 
-0.016413 
-0.004505 
0.008372 
0.003886 
0.000763 
-0.022663 
0.030433 
-0.017616 
0.012992 
-0.030246 
0.038259 
-0.025265 
0.010929 
-0.020243 
-0.009677 
0.021987 
-0.012401 
-0.009335 
0.014577 
-0.002232 
0.004784 
-0.025993 
0.034101 
-0.021130 
0.013979 
-0.029430 
0.037179 
-0.024442 
0.008038 
-0.015242 
-0.012018 
0.035087 
-0.036280 
0.008995 
0.002101 
0.014556 
-0.022051 
-0.004178 
0.023297 
-0.013324 
-0.001796 
-0.016819 
0.037851 
-0.033643 
0.010978 
-0.017220 
-0.009749 
0.031371 
-0.034012 
0.006382 
0.007234 
0.007699 
-0.016997 
-0.007919 
0.028099 
-0.019657 
0.002548 
-0.018391 
0.039009 
-0.036136 
0.011918 
-0.014747 
-0.006559 
0.026600 
-0.030767 
0.003186 
0.012631 
0.000599 
-0.011783 
-0.011409 
0.032251 
-0.025275 
0.006214 
-0.019030 
0.038948 
-0.037405 
0.011867 
-0.011292 
-0.002559 
0.020930 
-0.026714 
-0.000403 
0.018064 
-0.006492 
-0.006642 
-0.014438 
0.035557 
-0.029987 
0.009058 
-0.018651 
0.037635 
-0.037439 
0.010865 
-0.006958 
-0.011541 
0.034264 
-0.035812 
0.008406 
0.003347 
0.012878 
-0.020815 
-0.005125 
0.024547 
-0.014963 
-0.000655 
-0.017294 
0.038251 
-0.034379 
0.011306 
-0.016698 
-0.009034 
0.030272 
-0.033286 
0.005631 
0.008568 
0.005937 
-0.015700 
-0.008823 
0.029206 
-0.021137 
0.003535 
-0.018642 
0.039110 
-0.036569 
0.011997 
-0.013972 
-0.005629 
0.025260 
-0.029823 
0.002318 
0.013995 
-0.001184 
-0.010482 
-0.012217 
0.033164 
-0.026544 
0.007007 
-0.019032 
0.038737 
-0.037529 
0.011703 
-0.010285 
-0.001449 
0.019395 
-0.025598 
-0.001338 
0.019400 
-0.008234 
-0.005394 
-0.015101 
0.036231 
-0.031005 
0.009627 
-0.018393 
0.037112 
-0.037259 
0.010475 
-0.005754 
-0.011003 
0.033369 
-0.035277 
0.007772 
0.004621 
0.011173 
-0.019559 
-0.006066 
0.025766 
-0.016567 
0.000451 
-0.017715 
0.038579 
-0.035040 
0.011572 
-0.016112 
-0.008263 
0.029108 
-0.032502 
0.004845 
0.009914 
0.004164 
-0.014396 
-0.009709 
0.030269 
-0.022568 
0.004476 
-0.018833 
0.039134 
-0.036925 
0.012015 
-0.013137 
-0.004652 
0.023866 
-0.028830 
0.001428 
0.015358 
-0.002963 
-0.009189 
-0.012993 
0.034021 
-0.027755 
0.007746 
-0.018971 
0.038448 
-0.037575 
0.011481 
-0.009226 
-0.000301 
0.017818 
-0.024446 
-0.002281 
0.020720 
-0.009955 
-0.004168 
-0.015721 
0.036839 
-0.031955 
0.010138 
-0.018068 
0.036513 
-0.037004 
0.010032 
-0.004507 
-0.010406 
0.032404 
-0.034676 
0.007097 
0.005918 
0.009445 
-0.018285 
-0.006999 
0.026951 
-0.018133 
0.001519 
-0.018081 
0.038831 
-0.035626 
0.011776 
-0.015461 
-0.007437 
0.027883 
-0.031662 
0.004030 
0.011270 
0.002383 
-0.013089 
-0.010571 
0.031286 
-0.023948 
0.005370 
-0.018963 
0.039080 
-0.037204 
0.011971 
-0.012243 
-0.003627 
0.022422 
-0.027793 
0.000520 
0.016715 
-0.004734 
-0.007908 
-0.013735 
0.034819 
-0.028903 
0.008430 
-0.018844 
0.038081 
-0.037545 
0.011201 
-0.008116 
0.000884 
0.016204 
-0.023263 
-0.003229 
0.022021 
-0.011653 
-0.002968 
-0.016294 
0.037380 
-0.032835 
0.010588 
-0.017677 
0.035837 
-0.036677 
0.009538 
-0.003219 
