10.309078
13.767467
9.290921
5.832533
11.788610
13.270645
7.811389
6.329354
12.965396
12.245449
6.634604
7.354550
13.660277
10.847957
5.939723
8.752044
10.695507
13.698463
8.904493
5.901536
12.119218
13.059015
7.480782
6.540985
13.189850
11.923410
6.410151
7.676589
13.744406
10.464537
5.855593
9.135464
11.073311
13.591917
8.526690
6.008083
12.427490
12.815999
7.172510
6.784000
13.381657
11.580923
6.218343
8.019077
13.790549
10.074718
5.809451
9.525282
11.438852
13.448851
8.161148
6.151149
12.710457
12.543938
6.889543
7.056063
13.538971
11.221284
6.061028
8.378716
13.798261
9.682253
5.801739
9.917747
10.406292
13.753778
9.193708
5.846221
11.873186
13.220797
7.726814
6.379203
13.024456
12.167030
6.575543
7.432969
13.684833
10.752905
5.915167
8.847095
10.790910
13.675313
8.809090
5.924687
12.198500
13.001118
7.401500
6.598883
13.240940
11.839581
6.359061
7.760419
13.759527
10.367537
5.840473
9.232464
11.165985
13.559526
8.434014
6.040474
12.500714
12.750608
7.099285
6.849391
13.424284
11.492489
6.175716
8.107512
13.796089
9.976702
5.803911
9.623299
11.527906
13.407534
8.072094
6.192467
12.776920
12.471684
6.823080
7.128315
13.572725
11.129097
6.027275
8.470903
13.794167
9.584166
5.805833
10.015835
10.503139
13.737709
9.096860
5.862292
11.956512
13.168888
7.643488
6.431112
13.081575
12.087186
6.518425
7.512815
13.707048
10.657280
5.892952
8.942720
10.885717
13.649827
8.714283
5.950172
12.276337
12.941291
7.323663
6.658709
13.289957
11.754521
6.310043
7.845479
13.772263
10.270194
5.827737
9.329806
11.257837
13.524871
8.342163
6.075129
12.572312
12.683441
7.027687
6.916559
13.464728
11.403034
6.135272
8.196965
13.799222
9.878580
5.800778
9.721420
11.615919
13.364041
7.984081
6.235959
12.841590
12.397823
6.758410
7.202177
13.604206
11.036109
5.995793
8.563890
13.787666
9.486209
5.812333
10.113791
10.599564
13.719267
9.000436
5.880733
12.038540
13.114950
7.561460
6.485050
13.136717
12.005962
6.463283
7.594037
13.726910
10.561138
5.873090
9.038862
10.979870
13.622024
8.620131
5.977977
12.352682
12.879573
7.247318
6.720428
13.336872
11.668285
6.263128
7.931715
13.782606
10.172568
5.817395
9.427432
11.348812
13.487972
8.251188
6.112028
12.642241
12.614536
6.957759
6.985463
13.502965
11.312614
6.097035
8.287386
13.799946
9.780410
5.800054
9.819590
11.702839
13.318403
7.897161
6.281597
12.904428
12.322396
6.695572
7.277604
13.633396
10.942376
5.966604
8.657622
13.778766
9.388441
5.821235
10.211559
10.333412
13.764268
9.266587
5.835732
11.809869
13.258379
7.790131
6.341622
12.980341
12.225981
6.619659
7.374019
13.666636
10.824251
5.933365
8.775749
10.719411
13.692896
8.880589
5.907104
12.139172
13.044724
7.460829
6.555277
13.202814
11.902572
6.397185
7.697429
13.748410
10.440323
5.851590
9.159678
11.096554
13.584032
8.503447
6.015967
12.445946
12.799820
7.154054
6.800179
13.392517
11.558913
6.207483
8.041087
13.792160
10.050227
5.807840
9.549773
11.461210
13.438726
8.138790
6.161273
12.727239
12.526028
6.872761
7.073973
13.547622
11.198315
6.052378
8.401685
13.797462
9.657722
5.802537
9.942278
10.430540
13.749984
9.169459
5.850017
11.894136
13.208012
7.705864
6.391988
13.038919
12.147201
6.561080
7.452799
13.690606
10.729051
5.909393
8.870950
10.814671
13.669160
8.785330
5.930840
12.218096
12.986341
7.381904
6.613660
13.253389
11.818429
6.346611
7.781571
13.762935
10.343230
5.837065
9.256770
11.189028
13.551074
8.410972
6.048926
12.518768
12.733982
7.081232
6.866018
13.434601
11.470219
6.165400
8.129782
13.797098
9.952179
5.802902
9.647821
11.550009
13.396863
8.049991
6.203137
12.793257
12.453368
6.806743
7.146632
13.580809
11.105923
6.019191
8.494078
13.792768
9.559662
5.807233
10.040338
10.527287
13.733320
9.072712
5.866680
11.977142
13.155593
7.622858
6.444407
13.095548
12.067007
6.504453
7.532993
13.712234
10.633289
5.887765
8.966709
10.909319
13.643093
8.690681
5.956906
12.295565
12.926038
7.304436
6.673963
13.301884
11.733070
6.298116
7.866930
13.775073
10.245811
5.824927
9.354188
11.280666
13.515856
8.319334
6.084145
12.589952
12.666376
7.010047
6.933623
13.474496
11.380518
6.125504
8.219482
13.799629
9.854039
5.800371
9.745960
11.637753
13.352833
7.962246
6.247168
12.857473
12.379111
6.742527
7.220889
13.611719
11.012743
5.988280
8.587256
13.785666
9.461747
5.814333
10.138253
10.623597
13.714287
8.976402
5.885713
12.058837
13.101152
7.541162
6.498847
13.150190
11.985447
6.449810
7.614552
13.731506
10.537028
5.868494
9.062971
11.003298
13.614712
8.596701
5.985288
12.371531
12.863852
7.228470
6.736148
13.348269
11.646547
6.251731
7.953452
13.784817
10.148125
5.815184
9.451876
11.371411
13.478399
8.228588
6.121601
12.659457
12.597044
6.940543
7.002955
13.512177
11.289865
6.087823
8.310135
13.799751
9.755868
5.800250
9.844132
11.724390
13.306662
7.875609
6.293339
12.919847
12.303300
6.680153
7.296700
13.640333
10.918834
5.959666
8.681166
13.776165
9.364037
5.823835
10.235964
10.357727
13.760921
9.242273
5.839079
11.831051
13.245981
7.768949
6.354020
12.995167
12.206421
6.604834
7.393579
13.672847
10.800506
5.927154
8.799494
10.743280
13.687181
8.856720
5.912819
12.159037
13.030310
7.440964
6.569691
13.215651
11.881652
6.384349
7.718348
13.752264
10.416083
5.847735
9.183916
11.119748
13.576006
8.480252
6.023994
12.464303
12.783528
7.135697
6.816471
13.403242
11.536837
6.196758
8.063164
13.793619
10.025726
5.806380
9.574274
11.483505
13.428465
8.116493
6.171535
12.743910
12.508015
6.856090
7.091985
13.556131
11.175294
6.043869
8.424706
13.796515
9.633196
5.803485
9.966803
10.454765
13.746040
9.145235
5.853960
11.915009
13.195098
7.684992
6.404902
13.053261
12.127283
6.546740
7.472717
13.696234
10.705160
5.903767
8.894840
10.838391
13.662861
8.761608
5.937139
12.237602
12.971443
7.362398
6.628557
13.265709
11.797201
6.334291
7.802798
13.766193
10.318905
5.833807
9.281096
11.212019
13.542480
8.387981
6.057520
12.536720
12.717244
7.063280
6.882755
13.444780
11.447886
6.155219
8.152115
13.797956
9.927650
5.802043
9.672350
11.572046
13.386057
8.027954
6.213943
12.809482
12.434952
6.790518
7.165048
13.588751
11.082700
6.011249
8.517301
13.791218
9.535168
5.808783
10.064833
10.551409
13.728783
9.048592
5.871217
11.997691
13.142171
7.602309
6.457829
13.109395
12.046743
6.490604
7.553257
13.717274
10.609270
5.882726
8.990730
10.932878
13.636214
8.667122
5.963786
12.314699
12.910666
7.285301
6.689334
13.313679
11.711548
6.286321
7.888453
13.777734
10.221413
5.822267
9.378587
11.303438
13.506701
8.296562
6.093300
12.607489
12.649204
6.992512
6.950796
13.484124
11.357942
6.115876
8.242059
13.799885
9.829497
5.800115
9.770503
11.659519
13.341489
7.940481
6.258511
12.873240
12.360302
6.726760
7.239698
13.619089
10.989332
5.980911
8.610667
13.783516
9.437298
5.816484
10.162703
10.647599
13.709160
8.952400
5.890841
12.079050
13.087231
7.520950
6.512770
13.163536
11.964850
6.436463
7.635150
13.735955
10.512892
5.864045
9.087109
11.026682
13.607257
8.573317
5.992743
12.390281
12.848016
7.209719
6.751985
13.359532
11.624742
6.240468
7.975258
13.786878
10.123667
5.813122
9.476333
11.393951
13.468687
8.206047
6.131312
12.676566
12.579447
6.923434
7.020554
13.521248
11.267059
6.078752
8.332940
13.799405
9.731327
5.800595
9.868673
11.745871
13.294787
7.854129
6.305213
12.935148
12.284109
6.664852
7.315890
13.647126
10.895248
5.952873
8.704750
13.773415
9.339647
5.826585
10.260353
10.382020
13.757423
9.217979
5.842576
11.852158
13.233454
7.747843
6.366546
13.009872
12.186771
6.590128
7.413229
13.678913
10.776724
5.921088
8.823277
10.767113
13.681320
8.832887
5.918680
12.178813
13.015774
7.421187
6.584226
13.228360
11.860655
6.371640
7.739345
13.755970
10.391821
5.844029
9.208179
11.142893
13.567837
8.457108
6.032164
12.482559
12.767125
7.117441
6.832875
13.413831
11.514694
6.186169
8.085304
13.794930
10.001218
5.805070
9.598782
11.505737
13.418067
8.094261
6.181933
12.760471
12.489901
6.839529
7.110100
13.564499
11.152221
6.035501
8.447780
13.795416
9.608678
5.804584
9.991323
10.478966
13.741949
9.121035
5.858051
11.935801
13.182056
7.664200
6.417943
13.067480
12.107279
6.532521
7.492723
13.701715
10.681236
5.898285
8.918764
10.862074
13.656418
8.737926
5.943583
12.257015
12.956427
7.342985
6.643574
13.277899
11.775899
6.322102
7.824101
13.769302
10.294558
5.830697
9.305442
11.234955
13.533747
8.365046
6.066255
12.554568
12.700397
7.045432
6.899602
13.454823
11.425490
6.145177
8.174509
13.798665
9.903117
5.801335
9.696882
11.594016
13.375116
8.005983
6.224884
12.825592
12.416436
6.774407
7.183563
13.596550
11.059428
6.003449
8.540572
13.789517
9.510683
5.810483
10.089317
10.575500
13.724098
9.024499
5.875901
12.018157
13.128623
7.581843
6.471376
13.123119
12.026395
6.476881
7.573605
13.722166
10.585218
5.877834
9.014782
10.956396
13.629190
8.643604
5.970809
12.333738
12.895178
7.266262
6.704823
13.325342
11.689952
6.274658
7.910048
13.780245
10.196998
5.819756
9.403003
11.326153
13.497406
8.273847
6.102594
12.624918
12.631924
6.975082
6.968076
13.493614
11.335307
6.106386
8.264692
13.799992
9.804954
5.800009
9.795046
11.681214
13.330012
7.918786
6.269988
12.888892
12.341396
6.711108
7.258603
13.626314
10.965877
5.973685
8.634123
13.781216
9.412863
5.818784
10.187138
10.671570
13.703885
8.928431
5.896114
12.099177
13.073184
7.500823
6.526815
13.176756
11.944171
6.423244
7.655829
13.740255
10.488727
5.859745
9.111273
11.050020
13.599658
8.549980
6.000342
12.408934
12.832064
7.191065
6.767936
13.370663
11.602867
6.229338
7.997134
13.788789
10.099197
5.811212
9.500802
11.416433
13.458838
8.183567
6.141162
12.693566
12.561744
6.906434
7.038256
13.530180
11.244199
6.069820
8.355801
13.798908
9.706787
5.801092
9.893212
11.767278
13.282782
7.832722
6.317218
12.950331
12.264826
6.649669
7.335174
13.653774
10.871623
5.946226
8.728377
13.770515
9.315275
5.829484
10.284725
0.003025
-0.008826
0.009081
-0.002243
-0.000487
-0.003724
0.005563
0.001036
-0.005794
0.003250
0.000506
0.004208
-0.009470
0.008369
-0.002709
0.004337
0.002464
-0.007907
0.008526
-0.001595
-0.001770
-0.002012
0.004304
0.001972
-0.007002
0.004841
-0.000584
0.004607
-0.009771
0.009005
-0.002952
0.003725
0.001671
-0.006723
0.007726
-0.000801
-0.003120
-0.000237
0.003003
0.002846
-0.008048
0.006254
-0.001505
0.004774
-0.009768
0.009336
-0.002947
0.002867
0.000675
-0.005313
0.006721
0.000094
-0.004481
0.001538
0.001719
0.003608
-0.008885
0.007443
-0.002222
0.004687
-0.009451
0.009358
-0.002704
0.001789
0.002907
-0.008623
0.008967
-0.002097
-0.000798
-0.003305
0.005255
0.001273
-0.006108
0.003662
0.000220
0.004328
-0.009572
0.008556
-0.002793
0.004208
0.002286
-0.007635
0.008347
-0.001409
-0.002103
-0.001572
0.003980
0.002198
-0.007281
0.005213
-0.000831
0.004672
-0.009799
0.009117
-0.002974
0.003533
0.001440
-0.006390
0.007492
-0.000585
-0.003461
0.000209
0.002678
0.003049
-0.008279
0.006574
-0.001705
0.004777
-0.009718
0.009370
-0.002908
0.002617
0.000399
-0.004930
0.006444
0.000327
-0.004816
0.001974
0.001406
0.003775
-0.009056
0.007701
-0.002366
0.004624
-0.009324
0.009316
-0.002608
0.001488
0.002774
-0.008402
0.008836
-0.001940
-0.001117
-0.002880
0.004942
0.001508
-0.006415
0.004064
-0.000057
0.004435
-0.009657
0.008725
-0.002862
0.004063
0.002095
-0.007346
0.008154
-0.001214
-0.002439
-0.001129
0.003655
0.002420
-0.007548
0.005573
-0.001068
0.004722
-0.009808
0.009209
-0.002980
0.003325
0.001197
-0.006043
0.007246
-0.000363
-0.003803
0.000654
0.002355
0.003244
-0.008496
0.006879
-0.001891
0.004763
-0.009649
0.009386
-0.002854
0.002353
0.000112
-0.004537
0.006158
0.000562
-0.005147
0.002406
0.001100
0.003931
-0.009211
0.007941
-0.002496
0.004545
-0.009176
0.009256
-0.002499
0.001178
0.002626
-0.008163
0.008689
-0.001773
-0.001441
-0.002449
0.004625
0.001742
-0.006713
0.004458
-0.000325
0.004528
-0.009723
0.008875
-0.002915
0.003902
0.001889
-0.007042
0.007946
-0.001011
-0.002779
-0.000684
0.003329
0.002636
-0.007804
0.005920
-0.001293
0.004755
-0.009798
0.009282
-0.002971
0.003103
0.000942
-0.005684
0.006989
-0.000137
-0.004143
0.001097
0.002035
0.003431
-0.008698
0.007169
-0.002064
0.004733
-0.009560
0.009381
-0.002786
0.002077
-0.000183
-0.004135
0.005864
0.000799
-0.005474
0.002831
0.000799
0.004076
-0.009349
0.008164
-0.002610
0.004449
-0.009010
0.009177
-0.002377
0.000856
0.002997
-0.008777
0.009054
-0.002208
-0.000564
-0.003620
0.005486
0.001095
-0.005873
0.003354
0.000434
0.004239
-0.009497
0.008418
-0.002732
0.004306
0.002420
-0.007840
0.008483
-0.001550
-0.001853
-0.001903
0.004223
0.002029
-0.007072
0.004935
-0.000647
0.004625
-0.009779
0.009035
-0.002959
0.003679
0.001615
-0.006641
0.007668
-0.000748
-0.003205
-0.000126
0.002922
0.002898
-0.008107
0.006335
-0.001556
0.004776
-0.009757
0.009347
-0.002939
0.002806
0.000607
-0.005218
0.006653
0.000152
-0.004565
0.001647
0.001640
0.003650
-0.008929
0.007509
-0.002260
0.004673
-0.009421
0.009350
-0.002681
0.001715
0.002875
-0.008569
0.008936
-0.002059
-0.000877
-0.003199
0.005177
0.001332
-0.006186
0.003763
0.000150
0.004356
-0.009595
0.008600
-0.002812
0.004173
0.002240
-0.007564
0.008301
-0.001361
-0.002187
-0.001462
0.003899
0.002254
-0.007348
0.005304
-0.000892
0.004686
-0.009803
0.009142
-0.002977
0.003483
0.001380
-0.006305
0.007431
-0.000530
-0.003547
0.000320
0.002597
0.003099
-0.008334
0.006652
-0.001752
0.004775
-0.009702
0.009376
-0.002896
0.002553
0.000328
-0.004833
0.006373
0.000385
-0.004899
0.002082
0.001329
0.003815
-0.009096
0.007762
-0.002400
0.004606
-0.009288
0.009303
-0.002582
0.001412
0.002738
-0.008343
0.008801
-0.001899
-0.001197
-0.002772
0.004863
0.001567
-0.006490
0.004164
-0.000125
0.004460
-0.009675
0.008764
-0.002876
0.004024
0.002045
-0.007271
0.008103
-0.001164
-0.002524
-0.001018
0.003574
0.002475
-0.007613
0.005661
-0.001125
0.004731
-0.009807
0.009229
-0.002980
0.003271
0.001134
-0.005955
0.007183
-0.000307
-0.003888
0.000765
0.002275
0.003292
-0.008547
0.006953
-0.001935
0.004757
-0.009628
0.009386
-0.002839
0.002285
0.000039
-0.004438
0.006085
0.000621
-0.005229
0.002513
0.001024
0.003968
-0.009247
0.007998
-0.002526
0.004522
-0.009137
0.009238
-0.002470
0.001098
0.002587
-0.008101
0.008650
-0.001729
-0.001522
-0.002340
0.004545
0.001799
-0.006786
0.004555
-0.000391
0.004550
-0.009737
0.008909
-0.002926
0.003859
0.001836
-0.006963
0.007893
-0.000959
-0.002864
-0.000572
0.003247
0.002690
-0.007867
0.006005
-0.001347
0.004762
-0.009792
0.009298
-0.002967
0.003046
0.000876
-0.005592
0.006923
-0.000080
-0.004227
0.001208
0.001956
0.003476
-0.008746
0.007239
-0.002105
0.004723
-0.009535
0.009377
-0.002767
0.002006
-0.000258
-0.004033
0.005789
0.000858
-0.005554
0.002937
0.000725
0.004110
-0.009381
0.008217
-0.002636
0.004422
-0.008966
0.009155
-0.002345
0.000775
0.002968
-0.008727
0.009026
-0.002172
-0.000642
-0.003515
0.005410
0.001154
-0.005952
0.003457
0.000362
0.004270
-0.009523
0.008465
-0.002753
0.004274
0.002377
-0.007773
0.008439
-0.001503
-0.001936
-0.001793
0.004142
0.002086
-0.007143
0.005028
-0.000709
0.004642
-0.009787
0.009064
-0.002965
0.003631
0.001557
-0.006558
0.007610
-0.000693
-0.003291
-0.000014
0.002841
0.002949
-0.008165
0.006416
-0.001606
0.004777
-0.009745
0.009356
-0.002929
0.002743
0.000538
-0.005123
0.006584
0.000210
-0.004649
0.001756
0.001562
0.003693
-0.008972
0.007574
-0.002296
0.004658
-0.009390
0.009340
-0.002658
0.001640
0.002842
-0.008514
0.008904
-0.002020
-0.000957
-0.003094
0.005099
0.001391
-0.006263
0.003864
0.000080
0.004383
-0.009617
0.008643
-0.002829
0.004137
0.002192
-0.007492
0.008253
-0.001312
-0.002271
-0.001351
0.003818
0.002310
-0.007416
0.005395
-0.000951
0.004699
-0.009806
0.009166
-0.002979
0.003431
0.001320
-0.006218
0.007370
-0.000475
-0.003632
0.000432
0.002517
0.003148
-0.008389
0.006729
-0.001800
0.004772
-0.009686
0.009380
-0.002883
0.002487
0.000256
-0.004735
0.006302
0.000444
-0.004982
0.002191
0.001252
0.003854
-0.009135
0.007823
-0.002433
0.004587
-0.009253
0.009288
-0.002555
0.001334
0.002702
-0.008284
0.008765
-0.001858
-0.001278
-0.002665
0.004784
0.001625
-0.006565
0.004262
-0.000193
0.004483
-0.009692
0.008802
-0.002890
0.003984
0.001994
-0.007196
0.008052
-0.001113
-0.002609
-0.000906
0.003492
0.002529
-0.007678
0.005748
-0.001182
0.004740
-0.009805
0.009249
-0.002978
0.003217
0.001070
-0.005865
0.007119
-0.000250
-0.003973
0.000876
0.002195
0.003339
-0.008599
0.007026
-0.001979
0.004750
-0.009607
0.009386
-0.002822
0.002217
-0.000035
-0.004337
0.006012
0.000680
-0.005311
0.002619
0.000949
0.004005
-0.009282
0.008055
-0.002555
0.004499
-0.009096
0.009219
-0.002440
0.001018
0.002547
-0.008037
0.008609
-0.001686
-0.001605
-0.002231
0.004465
0.001857
-0.006859
0.004651
-0.000456
0.004570
-0.009749
0.008942
-0.002935
0.003815
0.001782
-0.006884
0.007838
-0.000907
-0.002949
-0.000460
0.003166
0.002742
-0.007928
0.006089
-0.001400
0.004767
-0.009785
0.009312
-0.002961
0.002987
0.000810
-0.005500
0.006856
-0.000022
-0.004313
0.001318
0.001876
0.003520
-0.008793
0.007308
-0.002145
0.004712
-0.009508
0.009372
-0.002747
0.001934
-0.000334
-0.003930
0.005714
0.000917
-0.005635
0.003042
0.000652
0.004143
-0.009411
0.008269
-0.002662
0.004395
-0.008921
0.009132
-0.002312
0.000692
0.002938
-0.008675
0.008997
-0.002135
-0.000720
-0.003411
0.005332
0.001214
-0.006031
0.003560
0.000291
0.004300
-0.009548
0.008511
-0.002774
0.004241
0.002332
-0.007704
0.008394
-0.001456
-0.002019
-0.001682
0.004061
0.002142
-0.007212
0.005121
-0.000771
0.004657
-0.009794
0.009091
-0.002970
0.003582
0.001499
-0.006475
0.007552
-0.000639
-0.003376
0.000097
0.002759
0.002999
-0.008223
0.006496
-0.001656
0.004778
-0.009732
0.009364
-0.002919
0.002681
0.000469
-0.005027
0.006514
0.000268
-0.004733
0.001865
0.001484
0.003734
-0.009015
0.007638
-0.002332
0.004642
-0.009357
0.009329
-0.002633
0.001565
0.002809
-0.008458
0.008871
-0.001981
-0.001036
-0.002987
0.005021
0.001449
-0.006339
0.003965
0.000011
0.004410
-0.009638
0.008685
-0.002846
0.004101
0.002144
-0.007420
0.008204
-0.001263
-0.002355
-0.001240
0.003737
0.002365
-0.007483
0.005484
-0.001010
0.004711
-0.009808
0.009188
-0.002980
0.003379
0.001259
-0.006131
0.007309
-0.000419
-0.003717
0.000543
0.002436
0.003196
-0.008443
0.006804
-0.001846
0.004768
-0.009668
0.009384
-0.002869
0.002421
0.000185
-0.004637
0.006230
0.000503
-0.005065
0.002298
0.001176
0.003893
-0.009174
0.007883
-0.002465
0.004566
-0.009215
0.009273
-0.002528
0.001256
0.002665
-0.008224
0.008728
-0.001816
-0.001359
-0.002557
0.004705
0.001683
-0.006639
0.004360
-0.000260
0.004506
-0.009708
0.008839
-0.002903
0.003944
0.001942
-0.007119
0.008000
-0.001062
-0.002694
-0.000795
0.003411
0.002583
-0.007742
0.005835
-0.001238
0.004748
-0.009802
0.009266
-0.002975
0.003160
0.001006
-0.005775
0.007054
-0.000194
-0.004058
0.000987
0.002115
0.003385
-0.008648
0.007098
-0.002022
0.004742
-0.009584
0.009384
-0.002805
0.002147
-0.000109
-0.004236
0.005938
0.000740
-0.005393
0.002726
0.000874
0.004040
-0.009316
0.008110
-0.002583
0.004474
-0.009054
0.009199
-0.002409
0.000938
0.002506
-0.007973
0.008568
-0.001641
-0.001687
-0.002122
0.004384
0.001915
-0.006930
0.004746
-0.000520
0.004589
-0.009761
0.008975
-0.002944
0.003771
0.001727
-0.006804
0.007782
-0.000854
-0.003035
-0.000349
0.003085
0.002795
-0.007989
0.006172
-0.001453
0.004771
-0.009777
0.009324
-0.002955
0.002927
0.000743
-0.005407
0.006789
0.000036
-0.004396
0.001428
0.001797
0.003564
-0.008839
0.007376
-0.002184
0.004700
-0.009480
0.009366
-0.002726
0.001862
-0.000410
-0.003827
0.005638
0.000977
-0.005715
0.003146
0.000579
0.004176
-0.009441
0.008320
-0.002686
0.004366
-0.008874
0.009107
-0.002278
0.000609
-0.003043
0.000391
0.003043
-0.000391
-0.002662
0.001525
0.002662
-0.001525
-0.001876
0.002428
0.001876
-0.002428
-0.000804
0.002961
0.000804
-0.002961
-0.002991
0.000687
0.002990
-0.000687
-0.002500
0.001780
0.002500
-0.001779
-0.001628
0.002600
0.001629
-0.002600
-0.000510
0.003025
0.000510
-0.003026
-0.002909
0.000977
0.002908
-0.000977
-0.002313
0.002015
0.002313
-0.002015
-0.001366
0.002747
0.001366
-0.002747
-0.000211
0.003060
0.000211
-0.003061
-0.002799
0.001257
0.002799
-0.001257
-0.002104
0.002232
0.002105
-0.002233
-0.001091
0.002868
0.001090
-0.002868
0.000091
0.003067
-0.000090
-0.003067
-0.003033
0.000465
0.003033
-0.000465
-0.002624
0.001590
0.002624
-0.001590
-0.001816
0.002473
0.001816
-0.002473
-0.000731
0.002979
0.000731
-0.002979
-0.002973
0.000760
0.002972
-0.000760
-0.002455
0.001840
0.002455
-0.001840
-0.001565
0.002640
0.001565
-0.002639
-0.000435
0.003036
0.000435
-0.003036
-0.002883
0.001048
0.002883
-0.001048
-0.002263
0.002071
0.002263
-0.002071
-0.001298
0.002779
0.001298
-0.002779
-0.000135
0.003065
0.000136
-0.003065
-0.002768
0.001325
0.002767
-0.001325
-0.002049
0.002283
0.002049
-0.002283
-0.001020
0.002893
0.001019
-0.002893
0.000165
0.003063
-0.000165
-0.003064
-0.003020
0.000539
0.003020
-0.000539
-0.002584
0.001654
0.002584
-0.001654
-0.001754
0.002517
0.001754
-0.002517
-0.000658
0.002996
0.000657
-0.002996
-0.002953
0.000833
0.002953
-0.000833
-0.002409
0.001899
0.002409
-0.001899
-0.001499
0.002677
0.001499
-0.002677
-0.000360
0.003047
0.000361
-0.003047
-0.002857
0.001119
0.002857
-0.001118
-0.002212
0.002127
0.002212
-0.002126
-0.001229
0.002811
0.001230
-0.002810
-0.000060
0.003067
0.000061
-0.003067
-0.002733
0.001393
0.002734
-0.001393
-0.001992
0.002333
0.001993
-0.002333
-0.000948
0.002917
0.000948
-0.002918
0.000241
0.003058
-0.000241
-0.003058
-0.003006
0.000613
0.003006
-0.000613
-0.002543
0.001717
0.002542
-0.001717
-0.001692
0.002559
0.001692
-0.002559
-0.000584
0.003012
0.000584
-0.003012
-0.002931
0.000905
0.002932
-0.000905
-0.002361
0.001958
0.002362
-0.001958
-0.001432
0.002713
0.001433
-0.002713
-0.000286
0.003055
0.000286
-0.003055
-0.002829
0.001188
0.002829
-0.001188
-0.002159
0.002180
0.002159
-0.002180
-0.001161
0.002840
0.001160
-0.002840
0.000015
0.003068
-0.000015
-0.003068
-0.002698
0.001460
0.002699
-0.001459
-0.001935
0.002381
0.001935
-0.002381
-0.000876
0.002940
0.000876
-0.002940
0.000316
0.003052
-0.000316
-0.003052
-0.003041
0.000409
0.003040
-0.000409
-0.002652
0.001542
0.002653
-0.001542
-0.001861
0.002439
0.001861
-0.002439
-0.000785
0.002965
0.000785
-0.002966
-0.002986
0.000705
0.002986
-0.000705
-0.002489
0.001795
0.002489
-0.001794
-0.001613
0.002610
0.001613
-0.002610
-0.000491
0.003028
0.000491
-0.003028
-0.002902
0.000994
0.002903
-0.000994
-0.002301
0.002029
0.002301
-0.002029
-0.001348
0.002755
0.001349
-0.002755
-0.000192
0.003062
0.000192
-0.003062
-0.002791
0.001274
0.002791
-0.001274
-0.002091
0.002245
0.002091
-0.002245
-0.001073
0.002874
0.001072
-0.002874
0.000109
0.003066
-0.000109
-0.003066
-0.003029
0.000484
0.003030
-0.000484
-0.002614
0.001606
0.002614
-0.001606
-0.001801
0.002484
0.001800
-0.002484
-0.000712
0.002984
0.000712
-0.002984
-0.002968
0.000778
0.002968
-0.000778
-0.002444
0.001855
0.002444
-0.001855
-0.001549
0.002648
0.001548
-0.002649
-0.000417
0.003039
0.000417
-0.003039
-0.002877
0.001065
0.002877
-0.001065
-0.002251
0.002085
0.002250
-0.002085
-0.001281
0.002788
0.001281
-0.002788
-0.000116
0.003066
0.000117
-0.003066
-0.002759
0.001342
0.002759
-0.001342
-0.002035
0.002295
0.002035
-0.002296
-0.001002
0.002900
0.001002
-0.002900
0.000184
0.003063
-0.000184
-0.003062
-0.003016
0.000558
0.003017
-0.000558
-0.002573
0.001670
0.002573
-0.001670
-0.001739
0.002527
0.001739
-0.002528
-0.000639
0.003001
0.000639
-0.003001
-0.002947
0.000851
0.002947
-0.000851
-0.002398
0.001914
0.002398
-0.001914
-0.001482
0.002686
0.001482
-0.002686
-0.000342
0.003048
0.000342
-0.003049
-0.002850
0.001135
0.002850
-0.001136
-0.002199
0.002140
0.002198
-0.002140
-0.001212
0.002819
0.001212
-0.002819
-0.000041
0.003068
0.000041
-0.003067
-0.002725
0.001410
0.002725
-0.001410
-0.001978
0.002345
0.001978
-0.002345
-0.000930
0.002923
0.000930
-0.002923
0.000259
0.003057
-0.000259
-0.003057
-0.003002
0.000631
0.003002
-0.000632
-0.002532
0.001732
0.002532
-0.001732
-0.001676
0.002570
0.001676
-0.002570
-0.000565
0.003016
0.000565
-0.003015
-0.002926
0.000923
0.002926
-0.000923
-0.002349
0.001972
0.002350
-0.001972
-0.001416
0.002721
0.001416
-0.002722
-0.000267
0.003056
0.000267
-0.003056
-0.002822
0.001205
0.002821
-0.001205
-0.002145
0.002193
0.002145
-0.002193
-0.001143
0.002847
0.001143
-0.002848
0.000034
0.003068
-0.000034
-0.003068
-0.002690
0.001476
0.002690
-0.001476
-0.001920
0.002393
0.001920
-0.002393
-0.000858
0.002946
0.000858
-0.002945
0.000334
0.003049
-0.000334
-0.003050
-0.003038
0.000428
0.003038
-0.000428
-0.002643
0.001558
0.002643
-0.001558
-0.001846
0.002451
0.001846
-0.002451
-0.000768
0.002971
0.000767
-0.002970
-0.002982
0.000723
0.002981
-0.000723
-0.002478
0.001810
0.002478
-0.001809
-0.001597
0.002620
0.001597
-0.002620
-0.000473
0.003032
0.000473
-0.003031
-0.002896
0.001012
0.002896
-0.001012
-0.002288
0.002044
0.002288
-0.002043
-0.001332
0.002764
0.001332
-0.002764
-0.000173
0.003063
0.000173
-0.003063
-0.002783
0.001291
0.002783
-0.001291
-0.002077
0.002258
0.002077
-0.002258
-0.001055
0.002881
0.001055
-0.002881
0.000128
0.003066
-0.000128
-0.003066
-0.003027
0.000502
0.003027
-0.000502
-0.002604
0.001622
0.002604
-0.001622
-0.001785
0.002495
0.001785
-0.002495
-0.000694
0.002988
0.000695
-0.002988
-0.002963
0.000797
0.002963
-0.000797
-0.002432
0.001869
0.002433
-0.001869
-0.001532
0.002658
0.001532
-0.002658
-0.000399
0.003042
0.000398
-0.003042
-0.002870
0.001083
0.002870
-0.001083
-0.002237
0.002099
0.002237
-0.002099
-0.001264
0.002796
0.001264
-0.002796
-0.000098
0.003067
0.000098
-0.003067
-0.002750
0.001359
0.002750
-0.001359
-0.002021
0.002308
0.002021
-0.002308
-0.000984
0.002906
0.000984
-0.002906
0.000203
0.003061
-0.000203
-0.003061
-0.003014
0.000576
0.003014
-0.000576
-0.002563
0.001685
0.002563
-0.001686
-0.001723
0.002539
0.001723
-0.002538
-0.000620
0.003005
0.000621
-0.003005
-0.002943
0.000869
0.002943
-0.000869
-0.002386
0.001929
0.002386
-0.001929
-0.001466
0.002695
0.001466
-0.002695
-0.000323
0.003051
0.000323
-0.003051
-0.002842
0.001153
0.002843
-0.001153
-0.002186
0.002153
0.002185
-0.002153
-0.001195
0.002826
0.001195
-0.002826
-0.000023
0.003068
0.000023
-0.003068
-0.002717
0.001426
0.002716
-0.001426
-0.001964
0.002357
0.001964
-0.002357
-0.000912
0.002930
0.000912
-0.002929
0.000278
0.003056
-0.000278
-0.003055
-0.002998
0.000650
0.002998
-0.000650
-0.002522
0.001748
0.002521
-0.001748
-0.001660
0.002580
0.001660
-0.002580
-0.000546
0.003019
0.000547
-0.003019
-0.002920
0.000941
0.002920
-0.000941
-0.002337
0.001987
0.002338
-0.001987
-0.001399
0.002730
0.001400
-0.002730
-0.000249
0.003057
0.000248
-0.003058
-0.002814
0.001223
0.002814
-0.001223
-0.002131
0.002207
0.002131
-0.002206
-0.001125
0.002854
0.001125
-0.002854
0.000052
0.003067
-0.000053
-0.003067
-0.002680
0.001493
0.002681
-0.001493
-0.001905
0.002405
0.001905
-0.002405
-0.000840
0.002951
0.000840
-0.002951
0.000353
0.003047
-0.000353
-0.003048
-0.003036
0.000446
0.003035
-0.000446
-0.002634
0.001574
0.002633
-0.001574
-0.001831
0.002462
0.001831
-0.002462
-0.000749
0.002975
0.000749
-0.002975
-0.002977
0.000742
0.002976
-0.000742
-0.002467
0.001825
0.002466
-0.001825
-0.001580
0.002630
0.001580
-0.002630
-0.000454
0.003035
0.000454
-0.003034
-0.002890
0.001030
0.002890
-0.001030
-0.002275
0.002057
0.002276
-0.002057
-0.001315
0.002772
0.001315
-0.002772
-0.000154
0.003064
0.000154
-0.003064
-0.002775
0.001308
0.002775
-0.001308
-0.002063
0.002270
0.002063
-0.002271
-0.001038
0.002887
0.001037
-0.002887
0.000147
0.003064
-0.000146
-0.003064
-0.003024
0.000521
0.003023
-0.000521
-0.002594
0.001638
0.002594
-0.001638
-0.001770
0.002506
0.001770
-0.002506
-0.000676
0.002993
0.000676
-0.002992
-0.002958
0.000815
0.002957
-0.000815
-0.002421
0.001884
0.002421
-0.001884
-0.001516
0.002667
0.001515
-0.002667
-0.000380
0.003045
0.000379
-0.003044
-0.002863
0.001101
0.002863
-0.001101
-0.002225
0.002113
0.002224
-0.002113
-0.001246
0.002803
0.001247
-0.002803
-0.000079
0.003067
0.000079
-0.003067
-0.002742
0.001376
0.002742
-0.001376
-0.002007
0.002320
0.002007
-0.002321
-0.000966
0.002912
0.000966
-0.002912
0.000222
0.003060
-0.000222
-0.003059
-0.003010
0.000595
0.003010
-0.000595
-0.002553
0.001701
0.002553
-0.001702
-0.001708
0.002549
0.001708
-0.002549
-0.000603
0.003008
0.000602
-0.003008
-0.002937
0.000887
0.002937
-0.000887
-0.002374
0.001944
0.002374
-0.001944
-0.001450
0.002704
0.001450
-0.002704
-0.000305
0.003053
0.000304
-0.003053
-0.002836
0.001171
0.002835
-0.001170
-0.002172
0.002167
0.002172
-0.002167
-0.001178
0.002833
0.001178
-0.002833
-0.000003
0.003068
0.000004
-0.003068
-0.002707
0.001443
0.002707
-0.001443
-0.001949
0.002369
0.001949
-0.002369
-0.000894
0.002934
0.000894
-0.002935
0.000297
0.003054
-0.000297
-0.003054
-0.002995
0.000669
0.002995
-0.000668
-0.002511
0.001763
0.002511
-0.001763
-0.001645
0.002590
0.001644
-0.002590
-0.000528
0.003022
0.000528
-0.003022
-0.002914
0.000958
0.002914
-0.000959
-0.002326
0.002001
0.002326
-0.002001
-0.001383
0.002738
0.001383
-0.002738
-0.000230
0.003059
0.000230
-0.003059
-0.002806
0.001240
0.002806
-0.001240
-0.002118
0.002219
0.002118
-0.002220
-0.001108
0.002861
0.001108
-0.002861
0.000072
0.003067
-0.000072
-0.003067
-0.002671
0.001509
0.002671
-0.001509
-0.001890
0.002417
0.001891
-0.002416
-0.000822
0.002955
0.000822
-0.002955
0.000372
0.003045
-0.000372
-0.003046
-0.009111
0.009602
-0.002995
0.001467
-0.004839
0.006771
-0.000236
-0.004082
0.002039
0.001602
0.003249
-0.009061
0.007858
-0.002449
0.004321
-0.010257
-0.008445
0.009276
-0.002545
0.000226
-0.003232
0.005566
0.000698
-0.005526
0.003741
0.000357
0.003845
-0.009805
0.008747
-0.002956
0.003976
-0.009775
-0.007489
0.008672
-0.001907
-0.001148
-0.001510
0.004264
0.001626
-0.006874
0.005312
-0.000762
0.004241
-0.010266
0.009341
-0.003215
0.003373
-0.008988
-0.006275
0.007822
-0.001122
-0.002603
0.000268
0.002924
0.002494
-0.008069
0.006700
-0.001709
0.004407
-0.010421
0.009627
-0.003225
0.002528
-0.007922
-0.008973
0.009548
-0.002901
0.001172
-0.004452
0.006482
-0.000005
-0.004449
0.002473
0.001282
0.003415
-0.009272
0.008106
-0.002598
0.004260
-0.010166
-0.008232
0.009150
-0.002402
-0.000107
-0.002810
0.005247
0.000933
-0.005874
0.004148
0.000063
0.003964
-0.009948
0.008924
-0.003044
0.003849
-0.009606
-0.007209
0.008481
-0.001723
-0.001506
-0.001068
0.003931
0.001851
-0.007189
0.005678
-0.001017
0.004305
-0.010334
0.009442
-0.003241
0.003184
-0.008747
-0.005934
0.007577
-0.000908
-0.002973
0.000715
0.002589
0.002695
-0.008338
0.007013
-0.001915
0.004410
-0.010410
0.009650
-0.003189
0.002282
-0.007616
-0.008815
0.009475
-0.002795
0.000866
-0.004054
0.006184
0.000228
-0.004812
0.002902
0.000967
0.003570
-0.009466
0.008337
-0.002733
0.004181
-0.010055
-0.008002
0.009007
-0.002247
-0.000447
-0.002382
0.004924
0.001167
-0.006215
0.004546
-0.000222
0.004070
-0.010073
0.009082
-0.003117
0.003706
-0.009418
-0.006912
0.008275
-0.001531
-0.001869
-0.000624
0.003595
0.002071
-0.007494
0.006032
-0.001260
0.004354
-0.010383
0.009524
-0.003251
0.002980
-0.008488
-0.005582
0.007319
-0.000689
-0.003344
0.001159
0.002257
0.002889
-0.008593
0.007310
-0.002107
0.004396
-0.010379
0.009653
-0.003139
0.002022
-0.007295
-0.008640
0.009385
-0.002676
0.000551
-0.003647
0.005878
0.000463
-0.005172
0.003325
0.000658
0.003713
-0.009644
0.008551
-0.002852
0.004087
-0.009925
-0.007754
0.008848
-0.002082
-0.000794
-0.001948
0.004596
0.001398
-0.006549
0.004934
-0.000497
0.004163
-0.010179
0.009221
-0.003174
0.003547
-0.009212
-0.006601
0.008056
-0.001330
-0.002235
-0.000178
0.003259
0.002286
-0.007787
0.006373
-0.001491
0.004388
-0.010412
0.009585
-0.003246
0.002761
-0.008213
-0.005216
0.007050
-0.000464
-0.003714
0.001601
0.001928
0.003074
-0.008835
0.007592
-0.002285
0.004367
-0.010328
0.009637
-0.003073
0.001751
-0.006960
-0.009079
0.009591
-0.002973
0.001394
-0.004743
0.006699
-0.000179
-0.004174
0.002148
0.001522
0.003292
-0.009115
0.007921
-0.002488
0.004308
-0.010236
-0.008393
0.009246
-0.002510
0.000144
-0.003128
0.005487
0.000757
-0.005613
0.003843
0.000282
0.003876
-0.009842
0.008793
-0.002979
0.003946
-0.009734
-0.007421
0.008626
-0.001862
-0.001237
-0.001400
0.004181
0.001683
-0.006953
0.005405
-0.000827
0.004259
-0.010285
0.009369
-0.003223
0.003327
-0.008929
-0.006191
0.007762
-0.001069
-0.002696
0.000380
0.002840
0.002545
-0.008138
0.006780
-0.001762
0.004409
-0.010420
0.009635
-0.003217
0.002468
-0.007847
-0.008935
0.009531
-0.002876
0.001096
-0.004353
0.006408
0.000053
-0.004540
0.002581
0.001202
0.003455
-0.009322
0.008166
-0.002633
0.004242
-0.010140
-0.008176
0.009116
-0.002364
-0.000191
-0.002704
0.005167
0.000991
-0.005960
0.004248
-0.000009
0.003992
-0.009981
0.008965
-0.003064
0.003815
-0.009561
-0.007136
0.008431
-0.001676
-0.001597
-0.000957
0.003847
0.001907
-0.007266
0.005768
-0.001079
0.004319
-0.010348
0.009465
-0.003245
0.003134
-0.008684
-0.005847
0.007513
-0.000854
-0.003066
0.000826
0.002506
0.002744
-0.008403
0.007088
-0.001964
0.004408
-0.010404
0.009653
-0.003178
0.002218
-0.007537
-0.008773
0.009454
-0.002767
0.000788
-0.003953
0.006108
0.000287
-0.004902
0.003009
0.000889
0.003607
-0.009512
0.008393
-0.002764
0.004159
-0.010024
-0.007941
0.008969
-0.002207
-0.000533
-0.002274
0.004842
0.001224
-0.006299
0.004644
-0.000291
0.004095
-0.010101
0.009119
-0.003133
0.003668
-0.009369
-0.006836
0.008222
-0.001481
-0.001960
-0.000512
0.003511
0.002125
-0.007568
0.006119
-0.001319
0.004364
-0.010392
0.009541
-0.003251
0.002926
-0.008421
-0.005491
0.007253
-0.000633
-0.003436
0.001270
0.002174
0.002936
-0.008655
0.007382
-0.002153
0.004391
-0.010368
0.009651
-0.003124
0.001956
-0.007212
-0.008592
0.009359
-0.002644
0.000471
-0.003544
0.005801
0.000522
-0.005261
0.003429
0.000582
0.003747
-0.009686
0.008602
-0.002879
0.004061
-0.009889
-0.007689
0.008805
-0.002039
-0.000882
-0.001839
0.004513
0.001456
-0.006631
0.005030
-0.000564
0.004184
-0.010203
0.009253
-0.003186
0.003505
-0.009158
-0.006520
0.007999
-0.001279
-0.002327
-0.000067
0.003175
0.002338
-0.007859
0.006456
-0.001547
0.004395
-0.010416
0.009598
-0.003242
0.002704
-0.008142
-0.005123
0.006981
-0.000408
-0.003806
0.001711
0.001846
0.003119
-0.008893
0.007660
-0.002327
0.004357
-0.010312
0.009630
-0.003055
0.001681
-0.006875
-0.009044
0.009577
-0.002950
0.001321
-0.004647
0.006627
-0.000121
-0.004266
0.002257
0.001441
0.003333
-0.009168
0.007984
-0.002526
0.004292
-0.010214
-0.008341
0.009215
-0.002475
0.000061
-0.003022
0.005407
0.000816
-0.005701
0.003945
0.000209
0.003906
-0.009879
0.008837
-0.003002
0.003914
-0.009693
-0.007351
0.008578
-0.001816
-0.001326
-0.001289
0.004098
0.001739
-0.007033
0.005497
-0.000891
0.004275
-0.010303
0.009394
-0.003230
0.003280
-0.008869
-0.006106
0.007701
-0.001016
-0.002788
0.000492
0.002756
0.002596
-0.008205
0.006858
-0.001814
0.004410
-0.010418
0.009641
-0.003209
0.002407
-0.007771
-0.008896
0.009514
-0.002850
0.001020
-0.004254
0.006334
0.000111
-0.004631
0.002689
0.001124
0.003494
-0.009371
0.008224
-0.002667
0.004223
-0.010113
-0.008119
0.009081
-0.002326
-0.000276
-0.002597
0.005086
0.001050
-0.006045
0.004348
-0.000080
0.004019
-0.010012
0.009005
-0.003082
0.003780
-0.009515
-0.007062
0.008380
-0.001628
-0.001687
-0.000846
0.003763
0.001962
-0.007342
0.005857
-0.001140
0.004332
-0.010361
0.009485
-0.003248
0.003083
-0.008620
-0.005759
0.007449
-0.000799
-0.003158
0.000937
0.002423
0.002793
-0.008468
0.007163
-0.002013
0.004405
-0.010397
0.009654
-0.003166
0.002154
-0.007457
-0.008729
0.009433
-0.002737
0.000710
-0.003852
0.006032
0.000345
-0.004992
0.003114
0.000812
0.003643
-0.009557
0.008446
-0.002794
0.004136
-0.009992
-0.007880
0.008929
-0.002166
-0.000620
-0.002166
0.004760
0.001283
-0.006383
0.004741
-0.000360
0.004118
-0.010128
0.009154
-0.003147
0.003629
-0.009318
-0.006758
0.008167
-0.001431
-0.002051
-0.000401
0.003427
0.002179
-0.007642
0.006204
-0.001377
0.004373
-0.010400
0.009557
-0.003250
0.002872
-0.008353
-0.005400
0.007186
-0.000577
-0.003529
0.001380
0.002092
0.002982
-0.008716
0.007453
-0.002198
0.004384
-0.010356
0.009648
-0.003108
0.001888
-0.007129
-0.008544
0.009333
-0.002612
0.000390
-0.003441
0.005723
0.000580
-0.005349
0.003534
0.000506
0.003781
-0.009727
0.008651
-0.002906
0.004033
-0.009852
-0.007624
0.008762
-0.001996
-0.000970
-0.001729
0.004431
0.001512
-0.006712
0.005125
-0.000631
0.004204
-0.010225
0.009284
-0.003196
0.003462
-0.009102
-0.006439
0.007941
-0.001227
-0.002419
0.000045
0.003091
0.002391
-0.007930
0.006538
-0.001602
0.004400
-0.010419
0.009609
-0.003237
0.002646
-0.008069
-0.005029
0.006912
-0.000351
-0.003898
0.001821
0.001765
0.003163
-0.008950
0.007727
-0.002369
0.004346
-0.010295
0.009622
-0.003036
0.001610
-0.006788
-0.009009
0.009563
-0.002926
0.001247
-0.004550
0.006555
-0.000063
-0.004358
0.002366
0.001361
0.003375
-0.009221
0.008045
-0.002562
0.004277
-0.010190
-0.008287
0.009183
-0.002438
-0.000023
-0.002917
0.005328
0.000874
-0.005787
0.004047
0.000136
0.003936
-0.009914
0.008882
-0.003023
0.003882
-0.009650
-0.007280
0.008530
-0.001770
-0.001416
-0.001179
0.004014
0.001795
-0.007111
0.005588
-0.000954
0.004291
-0.010319
0.009419
-0.003236
0.003232
-0.008809
-0.006021
0.007639
-0.000962
-0.002881
0.000603
0.002673
0.002646
-0.008272
0.006936
-0.001865
0.004411
-0.010415
0.009646
-0.003199
0.002345
-0.007694
-0.008857
0.009495
-0.002823
0.000944
-0.004154
0.006259
0.000170
-0.004722
0.002796
0.001045
0.003532
-0.009419
0.008281
-0.002700
0.004202
-0.010085
-0.008061
0.009044
-0.002287
-0.000361
-0.002490
0.005005
0.001108
-0.006131
0.004447
-0.000151
0.004045
-0.010043
0.009044
-0.003100
0.003743
-0.009467
-0.006988
0.008328
-0.001579
-0.001778
-0.000735
0.003679
0.002017
-0.007418
0.005945
-0.001200
0.004344
-0.010372
0.009505
-0.003250
0.003032
-0.008554
-0.005671
0.007384
-0.000744
-0.003251
0.001048
0.002340
0.002841
-0.008531
0.007237
-0.002060
0.004401
-0.010389
0.009654
-0.003152
0.002089
-0.007376
-0.008685
0.009409
-0.002707
0.000631
-0.003750
0.005956
0.000404
-0.005082
0.003220
0.000735
0.003679
-0.009601
0.008499
-0.002823
0.004112
-0.009959
-0.007818
0.008889
-0.002125
-0.000707
-0.002057
0.004678
0.001340
-0.006466
0.004838
-0.000429
0.004141
-0.010154
0.009188
-0.003161
0.003589
-0.009265
-0.006680
0.008112
-0.001380
-0.002143
-0.000289
0.003343
0.002233
-0.007715
0.006289
-0.001434
0.004381
-0.010406
0.009572
-0.003248
0.002817
-0.008283
-0.005309
0.007118
-0.000521
-0.003621
0.001490
0.002010
0.003028
-0.008776
0.007523
-0.002242
0.004376
-0.010342
0.009643
-0.003091
0.001820
-0.007045
-0.008495
0.009305
-0.002579
0.000309
-0.003337
0.005645
0.000639
-0.005437
0.003637
0.000431
0.003813
-0.009766
0.008700
-0.002931
0.004005
-0.009814
-0.007557
0.008717
-0.001952
-0.001059
-0.001620
0.004348
0.001569
-0.006793
0.005219
-0.000697
0.004223
-0.010246
0.009313
-0.003206
0.003418
-0.009046
-0.006357
0.007882
-0.001175
-0.002511
0.000157
0.003008
0.002443
-0.008000
0.006620
-0.001656
0.004404
-0.010421
0.009619
-0.003231
0.002588
-0.007996
-0.004935
0.006841
-0.000294
-0.003990
0.001930
0.001683
0.003206
-0.009006
0.007793
-0.002409
0.004334
-0.010277
0.009613
-0.003016
0.001539
-0.006701
