11.886474
5.605181
5.430449
5.276429
14.156796
1.740247
7.839905
5.391515
13.739468
0.588409
8.209629
7.830633
10.390873
2.312779
6.814505
11.585081
12.627381
4.461960
6.174133
5.096717
14.345606
1.159291
8.142448
5.794569
13.145245
0.784571
7.979203
8.718460
9.241364
3.044042
6.365062
12.487644
13.273097
3.415851
6.839483
5.047185
14.343107
0.770654
8.302903
6.345554
12.373434
1.153210
7.652103
9.663515
8.034333
3.831124
5.938169
13.302660
13.792014
2.499476
7.401249
5.142723
14.141204
0.580796
8.322519
7.030969
11.445950
1.671876
7.254071
10.631277
6.808972
4.638346
5.565492
13.996331
12.078774
5.312216
5.622146
5.220343
14.221213
1.577620
7.928658
5.477939
13.608501
0.620284
8.162321
8.045459
10.110960
2.488439
6.701805
11.816973
12.799029
4.189977
6.348889
5.071440
14.363360
1.043717
8.195956
5.918854
12.968199
0.861336
7.905560
8.950657
8.943495
3.236966
6.254963
12.700981
13.415864
3.173426
6.990503
5.057030
14.311476
0.704472
8.320805
6.504983
12.155159
1.269814
7.558149
9.904734
7.728152
4.032438
5.838719
13.488697
13.898616
2.293997
7.523079
5.190389
14.059349
0.564407
8.306243
7.221099
11.192924
1.821828
7.146864
10.872496
6.504451
4.839134
5.484309
14.147186
12.266722
5.023640
5.810308
5.171474
14.274319
1.426433
8.008732
5.573984
13.465657
0.663766
8.107932
8.265360
9.825687
2.669230
6.588991
12.045078
12.964197
3.924620
6.518301
5.054599
14.368952
0.940347
8.240528
6.052250
12.780325
0.948595
7.826230
9.185925
8.642624
3.432827
6.146782
12.908284
13.550230
2.939598
7.134679
5.076144
14.267290
0.650777
8.329958
6.672570
11.927528
1.395415
7.460186
10.146817
7.421448
4.234449
5.743146
13.666636
13.995178
2.098740
7.636939
5.247727
13.965036
0.560302
8.281850
7.418023
10.932392
1.978961
7.037537
11.112259
6.201903
5.038432
5.408798
14.288149
12.449770
4.740032
5.994458
5.130160
14.315859
1.286922
8.080022
5.679565
13.311156
0.718617
8.046780
8.489859
9.535626
2.854613
6.476574
12.268824
13.122383
3.666410
6.681960
5.046440
14.362239
0.849298
8.276165
6.194558
12.581950
1.046008
7.741606
9.423725
8.339365
3.631067
6.041020
13.109018
13.675753
2.714808
7.271693
5.104671
14.210531
0.609564
8.330482
6.848008
11.690975
1.529584
7.358671
10.389191
7.114846
4.436602
5.651918
13.836000
14.081350
1.914050
7.742611
5.314769
13.858366
0.568354
8.249563
7.621341
10.664865
2.142780
6.926584
11.349981
5.901943
5.235709
5.339374
14.418820
11.934927
5.531560
5.478678
5.261750
14.173946
1.698531
7.862900
5.412215
13.707850
0.595278
8.198483
7.883838
10.321428
2.356184
6.786368
11.643377
12.670874
4.393372
6.218300
5.089622
14.351175
1.129261
8.156662
5.824777
13.102015
0.802761
7.961347
8.776192
9.167212
3.091967
6.337385
12.541513
13.309551
3.354464
6.877861
5.048786
14.336374
0.752939
8.308204
6.384631
12.319765
1.181495
7.629015
9.723708
7.957871
3.881357
5.912970
13.349901
13.819586
2.447168
7.432441
5.153735
14.121912
0.575541
8.319222
7.077844
11.383423
1.708664
7.227495
10.691687
6.732691
4.688653
5.544687
14.034949
12.126191
5.239637
5.669537
5.207436
14.235560
1.538741
7.949494
5.501051
13.573896
0.630075
8.149376
8.099977
10.040123
2.533176
6.673592
11.874376
12.840949
4.122995
6.391759
5.066429
14.365904
1.016726
8.207937
5.951356
12.922234
0.882180
7.886246
9.009207
8.868535
3.285678
6.227718
12.753393
13.450260
3.114145
7.027202
5.060934
14.301607
0.689878
8.323909
6.546127
12.099112
1.300388
7.534017
9.965197
7.651501
4.082897
5.814444
13.533960
13.923712
2.244210
7.552300
5.203815
14.036936
0.562234
8.300898
7.269709
11.128475
1.860457
7.119712
10.932595
6.428605
4.889119
5.464883
14.183371
12.312964
4.952250
5.856740
5.160425
14.285797
1.390452
8.027382
5.599489
13.428116
0.676423
8.093266
8.321073
9.753597
2.715166
6.560830
12.101445
13.004418
3.859377
6.559770
5.051736
14.368432
0.916426
8.250274
6.087000
12.731701
0.972010
7.805554
9.245157
8.567009
3.482186
6.120096
12.959105
13.582456
2.882536
7.169616
5.082389
14.254279
0.639305
8.330893
6.715706
11.869209
1.428171
7.435123
10.207405
7.344763
4.284996
5.719914
13.709800
14.017710
2.051564
7.664133
5.263577
13.939523
0.561181
8.274509
7.468269
10.866146
2.019308
7.009932
11.171903
6.126647
5.087961
5.390856
14.321796
12.494703
4.669973
6.039814
5.121050
14.324409
1.253893
8.096462
5.707438
13.270738
0.734076
8.030475
8.546644
9.462431
2.901612
6.448591
12.324013
13.160781
3.603034
6.721931
5.045784
14.358624
0.828471
8.283682
6.231502
12.530758
1.071905
7.719671
9.483509
8.263248
3.680933
6.015015
13.158113
13.705702
2.660073
7.304792
5.113286
14.194376
0.601207
8.329281
6.893057
11.630495
1.564413
7.332792
10.449762
7.038285
4.487098
5.629844
13.876947
14.101229
1.869567
7.767727
5.333046
13.829782
0.572249
8.240286
7.673120
10.596952
2.184721
6.898650
11.409025
5.827430
5.284652
5.323015
14.449837
11.983133
5.458186
5.526709
5.247506
14.190402
1.657519
7.885358
5.433520
13.675482
0.602882
8.186879
7.937383
10.251622
2.399934
6.758201
11.701464
12.713984
4.325173
6.262153
5.083041
14.355993
1.099987
8.170319
5.855561
13.058096
0.821621
7.943117
8.834141
9.092842
3.140102
6.309804
12.595033
13.345503
3.293592
6.915828
5.050959
14.328857
0.736003
8.312954
6.424231
12.265491
1.210362
7.605655
9.783980
7.881347
3.931659
5.887990
13.396660
13.846546
2.395481
7.463146
5.165350
14.101839
0.571059
8.315409
7.125161
11.320406
1.745924
7.200764
10.752032
6.656504
4.738894
5.524218
14.072969
12.173326
5.167343
5.716700
5.194985
14.249196
1.500581
7.969787
5.524763
13.538551
0.640589
8.135992
8.154804
9.968958
2.578227
6.645380
11.931534
12.882455
4.056437
6.434289
5.061949
14.367686
0.990499
8.219360
5.984425
12.875595
0.903675
7.866582
9.067940
8.793396
3.334564
6.200602
12.805420
13.484125
3.055409
7.063467
5.065419
14.290955
0.676064
8.326468
6.587776
12.042486
1.331517
7.509641
10.025703
7.574826
4.133391
5.790419
13.578709
13.948174
2.195068
7.581019
5.217847
14.013744
0.560826
8.295048
7.318737
11.063564
1.899527
7.092435
10.992595
6.352892
4.939003
5.445819
14.218929
12.358892
4.881179
5.902914
5.149853
14.296549
1.355204
8.045481
5.625588
13.389850
0.689787
8.078180
8.377065
9.681219
2.761381
6.532701
12.157532
13.044195
3.794590
6.600874
5.049419
14.367142
0.893276
8.259462
6.122303
12.682427
0.996055
7.784554
9.304542
8.491255
3.531685
6.093568
13.009506
13.614122
2.826046
7.204101
5.089223
14.240482
0.628612
8.331290
6.759328
11.810339
1.461456
7.409844
10.268003
7.268095
4.335543
5.696960
13.752420
14.039585
2.005054
7.690811
5.280035
13.913239
0.562817
8.266678
7.518909
10.799470
2.060066
6.982233
11.231411
6.051561
5.137355
5.373300
14.354795
12.539289
4.600269
6.084883
5.112436
14.332219
1.221609
8.112347
5.735897
13.229609
0.750224
8.013772
8.603678
9.388984
2.948856
6.420673
12.378885
13.198704
3.540143
6.761512
5.045687
14.354231
0.808421
8.290644
6.268985
12.478937
1.098409
7.697438
9.543406
8.187031
3.730904
5.989200
13.206758
13.735066
2.605935
7.337420
5.122499
14.177437
0.593628
8.327551
6.938570
11.569492
1.599743
7.306727
10.510307
6.961779
4.537559
5.608077
13.917323
14.120434
1.825769
7.792316
5.351931
13.800436
0.576892
8.230536
7.725267
10.528644
2.227039
6.870654
11.467896
5.753124
5.333428
5.307067
14.480180
12.031086
5.385068
5.574534
5.233702
14.206159
1.617214
7.907278
5.455428
13.642365
0.611218
8.174824
7.991259
10.181463
2.444022
6.730010
11.759331
12.756704
4.257372
6.305685
5.076979
14.360056
1.071472
8.183416
5.886922
13.013489
0.841148
7.924520
8.892299
9.018267
3.188438
6.282328
12.648191
13.380942
3.233244
6.953377
5.053706
14.320559
0.719848
8.317154
6.464350
12.210620
1.239804
7.582031
9.844326
7.804771
3.982022
5.863237
13.442928
13.872892
2.344422
7.493360
5.177567
14.080984
0.567348
8.311081
7.172915
11.256904
1.783648
7.173884
10.812304
6.580420
4.789056
5.504089
14.110384
12.220174
5.095341
5.763625
5.182996
14.262117
1.463144
7.989533
5.549074
13.502471
0.651820
8.122176
8.209934
9.897476
2.623580
6.617178
11.988438
12.923541
3.990309
6.476471
5.058004
14.368703
0.965039
8.230223
6.018057
12.828291
0.925815
7.846574
9.126848
8.718090
3.383617
6.173620
12.857054
13.517450
2.997224
7.099295
5.070489
14.279515
0.663030
8.328484
6.629925
11.985291
1.363194
7.485028
10.086246
7.498139
4.183911
5.766650
13.622937
13.971999
2.146576
7.609234
5.232484
13.989779
0.560183
8.288697
7.368176
10.998201
1.939031
7.065041
11.052486
6.277321
4.988776
5.427121
14.253859
12.404497
4.810437
5.948822
5.139763
14.306570
1.320693
8.063028
5.652281
13.350862
0.703853
8.062683
8.433329
9.608559
2.807866
6.504613
12.213327
13.083519
3.730265
6.641606
5.047653
14.365077
0.870900
8.268091
6.158157
12.632509
1.020723
7.763236
9.364068
8.415369
3.581315
6.067206
13.059481
13.645224
2.770135
7.238128
5.096650
14.225900
0.618699
8.331152
6.803431
11.750926
1.495263
7.384358
10.328602
7.191453
4.386081
5.674293
13.794489
14.060800
1.959214
7.716971
5.297099
13.886186
0.565209
8.258362
7.569935
10.732374
2.101226
6.954448
11.290774
5.976657
5.186607
5.356137
14.387138
12.583517
4.530928
6.129658
5.104323
14.339286
1.190074
8.127675
5.764942
13.187778
0.767057
7.996680
8.660953
9.315290
2.996336
6.392828
12.433432
13.236145
3.477747
6.800698
5.046153
14.349059
0.789148
8.297050
6.307003
12.426495
1.125512
7.674913
9.603411
8.110723
3.780970
5.963583
13.254943
13.763840
2.552401
7.369575
5.132311
14.159712
0.586824
8.325296
6.984543
11.507975
1.635567
7.280485
10.570814
6.885338
4.587978
5.586624
13.957119
14.138958
1.782661
7.816377
5.371420
13.770330
0.582280
8.220314
7.777773
10.459948
2.269728
6.842603
11.526583
5.679039
5.382030
5.291536
14.509846
-0.009118
0.009614
-0.003001
0.001476
-0.004858
0.006796
-0.000255
-0.004068
0.002019
0.001629
0.003231
-0.009053
0.007851
-0.002437
0.004316
-0.010264
-0.008455
0.009292
-0.002556
0.000238
-0.003253
0.005593
0.000678
-0.005511
0.003723
0.000380
0.003829
-0.009800
0.008744
-0.002948
0.003974
-0.009787
-0.007504
0.008692
-0.001922
-0.001134
-0.001531
0.004292
0.001606
-0.006861
0.005297
-0.000742
0.004228
-0.010265
0.009344
-0.003212
0.003375
-0.009003
-0.006291
0.007846
-0.001139
-0.002589
0.000247
0.002951
0.002474
-0.008058
0.006689
-0.001693
0.004397
-0.010424
0.009635
-0.003227
0.002534
-0.007941
-0.008981
0.009561
-0.002909
0.001181
-0.004471
0.006508
-0.000025
-0.004434
0.002454
0.001307
0.003397
-0.009265
0.008101
-0.002587
0.004255
-0.010175
-0.008244
0.009168
-0.002413
-0.000095
-0.002831
0.005275
0.000912
-0.005860
0.004131
0.000086
0.003949
-0.009944
0.008923
-0.003038
0.003848
-0.009619
-0.007224
0.008502
-0.001738
-0.001493
-0.001089
0.003958
0.001831
-0.007176
0.005664
-0.000997
0.004293
-0.010335
0.009446
-0.003239
0.003187
-0.008763
-0.005952
0.007601
-0.000926
-0.002958
0.000694
0.002617
0.002676
-0.008328
0.007002
-0.001899
0.004401
-0.010414
0.009658
-0.003192
0.002288
-0.007635
-0.008824
0.009490
-0.002804
0.000877
-0.004074
0.006211
0.000208
-0.004798
0.002884
0.000992
0.003553
-0.009460
0.008333
-0.002723
0.004177
-0.010065
-0.008014
0.009025
-0.002260
-0.000435
-0.002403
0.004952
0.001146
-0.006202
0.004529
-0.000200
0.004056
-0.010070
0.009082
-0.003111
0.003706
-0.009432
-0.006928
0.008297
-0.001546
-0.001855
-0.000645
0.003623
0.002051
-0.007482
0.006019
-0.001241
0.004343
-0.010384
0.009528
-0.003250
0.002983
-0.008505
-0.005600
0.007344
-0.000707
-0.003329
0.001138
0.002284
0.002870
-0.008584
0.007301
-0.002092
0.004389
-0.010385
0.009663
-0.003143
0.002030
-0.007315
-0.008649
0.009400
-0.002686
0.000562
-0.003668
0.005905
0.000443
-0.005157
0.003307
0.000682
0.003697
-0.009639
0.008548
-0.002843
0.004084
-0.009935
-0.007767
0.008867
-0.002095
-0.000782
-0.001969
0.004624
0.001378
-0.006535
0.004919
-0.000476
0.004149
-0.010177
0.009223
-0.003170
0.003548
-0.009226
-0.006617
0.008078
-0.001346
-0.002221
-0.000199
0.003287
0.002266
-0.007776
0.006361
-0.001473
0.004378
-0.010414
0.009591
-0.003246
0.002766
-0.008231
-0.005235
0.007075
-0.000483
-0.003699
0.001580
0.001954
0.003055
-0.008826
0.007584
-0.002272
0.004360
-0.010334
0.009648
-0.003079
0.001759
-0.006981
-0.009086
0.009603
-0.002979
0.001403
-0.004763
0.006725
-0.000198
-0.004159
0.002129
0.001548
0.003274
-0.009107
0.007914
-0.002476
0.004302
-0.010244
-0.008404
0.009263
-0.002521
0.000155
-0.003148
0.005514
0.000737
-0.005599
0.003826
0.000306
0.003860
-0.009838
0.008791
-0.002972
0.003944
-0.009746
-0.007435
0.008646
-0.001876
-0.001223
-0.001421
0.004209
0.001662
-0.006940
0.005390
-0.000807
0.004246
-0.010285
0.009371
-0.003220
0.003329
-0.008945
-0.006208
0.007786
-0.001086
-0.002681
0.000359
0.002867
0.002525
-0.008127
0.006769
-0.001746
0.004400
-0.010424
0.009642
-0.003220
0.002473
-0.007866
-0.008943
0.009545
-0.002884
0.001106
-0.004373
0.006435
0.000034
-0.004525
0.002562
0.001228
0.003437
-0.009315
0.008160
-0.002622
0.004237
-0.010149
-0.008188
0.009134
-0.002376
-0.000179
-0.002725
0.005195
0.000971
-0.005946
0.004231
0.000014
0.003977
-0.009977
0.008964
-0.003058
0.003814
-0.009574
-0.007151
0.008452
-0.001691
-0.001583
-0.000978
0.003875
0.001886
-0.007254
0.005754
-0.001059
0.004307
-0.010349
0.009469
-0.003243
0.003137
-0.008700
-0.005865
0.007538
-0.000871
-0.003051
0.000805
0.002533
0.002725
-0.008393
0.007078
-0.001949
0.004400
-0.010409
0.009661
-0.003181
0.002225
-0.007556
-0.008782
0.009469
-0.002776
0.000799
-0.003973
0.006135
0.000267
-0.004888
0.002990
0.000914
0.003590
-0.009506
0.008388
-0.002754
0.004156
-0.010034
-0.007954
0.008987
-0.002220
-0.000521
-0.002295
0.004870
0.001204
-0.006286
0.004628
-0.000270
0.004080
-0.010099
0.009119
-0.003128
0.003668
-0.009382
-0.006851
0.008244
-0.001497
-0.001946
-0.000534
0.003539
0.002105
-0.007556
0.006106
-0.001300
0.004353
-0.010393
0.009546
-0.003251
0.002930
-0.008438
-0.005510
0.007278
-0.000651
-0.003421
0.001249
0.002201
0.002917
-0.008646
0.007373
-0.002138
0.004383
-0.010374
0.009661
-0.003128
0.001963
-0.007232
-0.008602
0.009375
-0.002654
0.000482
-0.003565
0.005828
0.000502
-0.005246
0.003412
0.000606
0.003731
-0.009681
0.008599
-0.002871
0.004058
-0.009900
-0.007703
0.008825
-0.002053
-0.000869
-0.001860
0.004541
0.001435
-0.006617
0.005015
-0.000543
0.004170
-0.010201
0.009255
-0.003182
0.003507
-0.009172
-0.006537
0.008021
-0.001295
-0.002312
-0.000087
0.003203
0.002319
-0.007848
0.006444
-0.001529
0.004384
-0.010418
0.009604
-0.003243
0.002709
-0.008159
-0.005142
0.007007
-0.000427
-0.003791
0.001690
0.001872
0.003100
-0.008884
0.007652
-0.002314
0.004351
-0.010319
0.009642
-0.003061
0.001689
-0.006895
-0.009052
0.009590
-0.002957
0.001330
-0.004666
0.006653
-0.000140
-0.004251
0.002237
0.001467
0.003316
-0.009161
0.007977
-0.002514
0.004287
-0.010222
-0.008352
0.009232
-0.002486
0.000073
-0.003043
0.005435
0.000795
-0.005686
0.003928
0.000232
0.003891
-0.009875
0.008836
-0.002995
0.003913
-0.009705
-0.007366
0.008599
-0.001831
-0.001313
-0.001310
0.004126
0.001719
-0.007020
0.005482
-0.000871
0.004263
-0.010302
0.009397
-0.003228
0.003283
-0.008885
-0.006123
0.007725
-0.001033
-0.002773
0.000470
0.002784
0.002576
-0.008195
0.006848
-0.001798
0.004401
-0.010422
0.009649
-0.003211
0.002413
-0.007789
-0.008905
0.009528
-0.002858
0.001030
-0.004274
0.006361
0.000092
-0.004616
0.002670
0.001149
0.003477
-0.009364
0.008219
-0.002657
0.004218
-0.010122
-0.008131
0.009099
-0.002338
-0.000264
-0.002618
0.005114
0.001030
-0.006032
0.004331
-0.000058
0.004004
-0.010010
0.009005
-0.003076
0.003779
-0.009527
-0.007077
0.008402
-0.001643
-0.001673
-0.000867
0.003791
0.001941
-0.007330
0.005843
-0.001121
0.004320
-0.010362
0.009490
-0.003247
0.003087
-0.008636
-0.005778
0.007474
-0.000817
-0.003144
0.000916
0.002450
0.002774
-0.008458
0.007154
-0.001998
0.004397
-0.010402
0.009663
-0.003169
0.002161
-0.007477
-0.008739
0.009447
-0.002746
0.000720
-0.003872
0.006059
0.000326
-0.004978
0.003096
0.000836
0.003626
-0.009551
0.008442
-0.002785
0.004133
-0.010002
-0.007893
0.008948
-0.002179
-0.000607
-0.002187
0.004788
0.001262
-0.006369
0.004725
-0.000339
0.004104
-0.010126
0.009155
-0.003142
0.003629
-0.009331
-0.006774
0.008190
-0.001447
-0.002037
-0.000422
0.003455
0.002159
-0.007630
0.006192
-0.001359
0.004362
-0.010401
0.009562
-0.003250
0.002876
-0.008370
-0.005419
0.007211
-0.000596
-0.003514
0.001360
0.002119
0.002964
-0.008707
0.007444
-0.002184
0.004377
-0.010362
0.009658
-0.003113
0.001896
-0.007149
-0.008554
0.009349
-0.002622
0.000401
-0.003462
0.005750
0.000560
-0.005335
0.003515
0.000530
0.003764
-0.009722
0.008648
-0.002897
0.004031
-0.009863
-0.007637
0.008782
-0.002010
-0.000957
-0.001751
0.004458
0.001492
-0.006699
0.005110
-0.000610
0.004190
-0.010224
0.009286
-0.003193
0.003464
-0.009117
-0.006456
0.007964
-0.001244
-0.002404
0.000024
0.003119
0.002371
-0.007919
0.006526
-0.001584
0.004390
-0.010422
0.009616
-0.003238
0.002651
-0.008087
-0.005048
0.006937
-0.000370
-0.003883
0.001800
0.001791
0.003144
-0.008941
0.007719
-0.002356
0.004340
-0.010302
0.009634
-0.003042
0.001619
-0.006809
-0.009017
0.009576
-0.002934
0.001256
-0.004569
0.006581
-0.000083
-0.004343
0.002346
0.001387
0.003357
-0.009213
0.008039
-0.002551
0.004272
-0.010199
-0.008298
0.009200
-0.002450
-0.000011
-0.002937
0.005355
0.000854
-0.005773
0.004030
0.000159
0.003920
-0.009910
0.008880
-0.003017
0.003881
-0.009662
-0.007295
0.008551
-0.001785
-0.001403
-0.001200
0.004042
0.001775
-0.007098
0.005574
-0.000934
0.004278
-0.010319
0.009422
-0.003234
0.003235
-0.008825
-0.006038
0.007663
-0.000980
-0.002866
0.000582
0.002700
0.002626
-0.008262
0.006926
-0.001849
0.004402
-0.010419
0.009654
-0.003202
0.002351
-0.007712
-0.008865
0.009509
-0.002831
0.000954
-0.004174
0.006286
0.000150
-0.004707
0.002777
0.001070
0.003515
-0.009413
0.008276
-0.002690
0.004198
-0.010094
-0.008073
0.009062
-0.002299
-0.000349
-0.002511
0.005033
0.001088
-0.006117
0.004431
-0.000129
0.004030
-0.010040
0.009044
-0.003094
0.003743
-0.009480
-0.007003
0.008350
-0.001595
-0.001764
-0.000756
0.003707
0.001997
-0.007406
0.005932
-0.001181
0.004332
-0.010374
0.009510
-0.003249
0.003036
-0.008571
-0.005689
0.007409
-0.000762
-0.003236
0.001027
0.002367
0.002822
-0.008521
0.007228
-0.002045
0.004393
-0.010394
0.009664
-0.003157
0.002096
-0.007396
-0.008695
0.009424
-0.002717
0.000641
-0.003770
0.005983
0.000384
-0.005068
0.003201
0.000759
0.003662
-0.009596
0.008495
-0.002814
0.004109
-0.009970
-0.007831
0.008908
-0.002138
-0.000694
-0.002078
0.004706
0.001320
-0.006453
0.004822
-0.000408
0.004127
-0.010152
0.009189
-0.003156
0.003589
-0.009279
-0.006696
0.008134
-0.001397
-0.002129
-0.000310
0.003371
0.002213
-0.007704
0.006277
-0.001416
0.004371
-0.010408
0.009577
-0.003249
0.002821
-0.008301
-0.005327
0.007143
-0.000539
-0.003607
0.001470
0.002036
0.003010
-0.008767
0.007514
-0.002228
0.004369
-0.010349
0.009654
-0.003096
0.001828
-0.007065
-0.008506
0.009321
-0.002589
0.000320
-0.003358
0.005672
0.000619
-0.005423
0.003619
0.000455
0.003797
-0.009762
0.008697
-0.002923
0.004003
-0.009825
-0.007571
0.008737
-0.001966
-0.001046
-0.001641
0.004376
0.001549
-0.006780
0.005204
-0.000676
0.004210
-0.010245
0.009315
-0.003203
0.003420
-0.009061
-0.006374
0.007905
-0.001191
-0.002497
0.000136
0.003035
0.002423
-0.007989
0.006608
-0.001639
0.004394
-0.010423
0.009626
-0.003233
0.002593
-0.008014
-0.004954
0.006867
-0.000312
-0.003976
0.001910
0.001709
0.003188
-0.008998
0.007785
-0.002397
0.004328
-0.010284
0.009624
-0.003022
0.001547
-0.006721
-0.006072
0.009218
-0.006041
0.001862
-0.002187
0.005258
-0.002908
-0.002550
0.003905
-0.000812
0.001365
-0.006629
0.008657
-0.005404
0.003515
-0.007300
-0.005460
0.008597
-0.005540
0.000919
-0.000743
0.003801
-0.001812
-0.003739
0.005360
-0.002232
0.002208
-0.007202
0.009255
-0.005977
0.003465
-0.006756
-0.004588
0.007705
-0.004823
-0.000165
0.000793
0.002263
-0.000697
-0.004852
0.006670
-0.003499
0.002869
-0.007519
0.009553
-0.006274
0.003164
-0.005935
-0.003484
0.006577
-0.003929
-0.001339
0.002362
0.000705
0.000380
-0.005831
0.007784
-0.004569
0.003312
-0.007555
0.009541
-0.006292
0.002621
-0.004865
-0.005944
0.009089
-0.005938
0.001642
-0.001838
0.004905
-0.002639
-0.002851
0.004280
-0.001179
0.001591
-0.006795
0.008834
-0.005572
0.003526
-0.007190
-0.005265
0.008399
-0.005380
0.000659
-0.000365
0.003422
-0.001533
-0.004027
0.005703
-0.002565
0.002392
-0.007307
0.009358
-0.006078
0.003413
-0.006575
-0.004333
0.007444
-0.004614
-0.000452
0.001184
0.001873
-0.000422
-0.005111
0.006969
-0.003787
0.003001
-0.007555
0.009580
-0.006305
0.003050
-0.005690
-0.003177
0.006263
-0.003684
-0.001640
0.002753
0.000320
0.000636
-0.006050
0.008027
-0.004801
0.003386
-0.007518
0.009489
-0.006254
0.002450
-0.004562
-0.005800
0.008944
-0.005820
0.001411
-0.001480
0.004543
-0.002366
-0.003151
0.004647
-0.001538
0.001807
-0.006947
0.008993
-0.005724
0.003522
-0.007063
-0.005055
0.008183
-0.005207
0.000392
0.000017
0.003038
-0.001253
-0.004309
0.006037
-0.002887
0.002564
-0.007394
0.009443
-0.006161
0.003345
-0.006378
-0.004063
0.007168
-0.004395
-0.000744
0.001577
0.001483
-0.000151
-0.005362
0.007256
-0.004061
0.003119
-0.007573
0.009586
-0.006318
0.002921
-0.005429
-0.002857
0.005938
-0.003431
-0.001944
0.003141
-0.000062
0.000887
-0.006256
0.008253
-0.005017
0.003444
-0.007464
0.009418
-0.006199
0.002267
-0.004246
-0.005638
0.008779
-0.005687
0.001170
-0.001115
0.004175
-0.002090
-0.003447
0.005008
-0.001889
0.002013
-0.007082
0.009133
-0.005859
0.003502
-0.006918
-0.004829
0.007952
-0.005020
0.000117
0.000403
0.002652
-0.000975
-0.004584
0.006360
-0.003199
0.002723
-0.007465
0.009508
-0.006226
0.003262
-0.006165
-0.003780
0.006879
-0.004167
-0.001040
0.001970
0.001093
0.000117
-0.005602
0.007527
-0.004322
0.003223
-0.007573
0.009573
-0.006314
0.002778
-0.005154
-0.002527
0.005603
-0.003172
-0.002247
0.003525
-0.000440
0.001130
-0.006449
0.008464
-0.005219
0.003487
-0.007391
0.009327
-0.006128
0.002070
-0.003919
-0.006042
0.009187
-0.006016
0.001808
-0.002100
0.005171
-0.002841
-0.002625
0.003999
-0.000905
0.001422
-0.006672
0.008703
-0.005447
0.003519
-0.007274
-0.005413
0.008549
-0.005502
0.000855
-0.000649
0.003707
-0.001742
-0.003812
0.005446
-0.002316
0.002256
-0.007230
0.009283
-0.006004
0.003454
-0.006712
-0.004526
0.007641
-0.004771
-0.000236
0.000890
0.002166
-0.000628
-0.004918
0.006746
-0.003572
0.002903
-0.007529
0.009562
-0.006284
0.003137
-0.005875
-0.003408
0.006500
-0.003869
-0.001414
0.002460
0.000609
0.000444
-0.005887
0.007846
-0.004628
0.003332
-0.007547
0.009530
-0.006284
0.002580
-0.004790
-0.005910
0.009055
-0.005909
0.001585
-0.001749
0.004815
-0.002571
-0.002927
0.004372
-0.001269
0.001646
-0.006835
0.008875
-0.005612
0.003527
-0.007160
-0.005214
0.008347
-0.005337
0.000593
-0.000270
0.003326
-0.001462
-0.004098
0.005788
-0.002646
0.002436
-0.007330
0.009381
-0.006100
0.003398
-0.006527
-0.004266
0.007376
-0.004560
-0.000524
0.001282
0.001776
-0.000354
-0.005174
0.007042
-0.003856
0.003032
-0.007561
0.009583
-0.006310
0.003019
-0.005626
-0.003098
0.006183
-0.003621
-0.001716
0.002851
0.000224
0.000700
-0.006102
0.008085
-0.004856
0.003402
-0.007506
0.009473
-0.006242
0.002406
-0.004484
-0.005761
0.008904
-0.005788
0.001352
-0.001390
0.004452
-0.002296
-0.003225
0.004738
-0.001626
0.001859
-0.006982
0.009029
-0.005760
0.003518
-0.007029
-0.005000
0.008127
-0.005161
0.000324
0.000113
0.002942
-0.001184
-0.004379
0.006118
-0.002966
0.002605
-0.007413
0.009460
-0.006179
0.003326
-0.006327
-0.003993
0.007097
-0.004339
-0.000817
0.001676
0.001385
-0.000083
-0.005423
0.007324
-0.004128
0.003147
-0.007575
0.009585
-0.006318
0.002887
-0.005362
-0.002776
0.005856
-0.003367
-0.002019
0.003238
-0.000157
0.000948
-0.006305
0.008308
-0.005069
0.003457
-0.007447
0.009397
-0.006183
0.002219
-0.004166
-0.005595
0.008735
-0.005652
0.001108
-0.001022
0.004082
-0.002020
-0.003521
0.005097
-0.001976
0.002063
-0.007114
0.009165
-0.005890
0.003494
-0.006879
-0.004770
0.007892
-0.004972
0.000047
0.000501
0.002555
-0.000905
-0.004652
0.006439
-0.003275
0.002761
-0.007480
0.009521
-0.006240
0.003239
-0.006109
-0.003707
0.006805
-0.004108
-0.001114
0.002069
0.000996
0.000183
-0.005660
0.007593
-0.004385
0.003247
-0.007570
0.009567
-0.006310
0.002740
-0.005083
-0.002443
0.005518
-0.003107
-0.002323
0.003621
-0.000534
0.001190
-0.006495
0.008514
-0.005266
0.003496
-0.007370
0.009301
-0.006107
0.002019
-0.003835
-0.006011
0.009156
-0.005991
0.001753
-0.002013
0.005082
-0.002774
-0.002701
0.004093
-0.000996
0.001479
-0.006714
0.008748
-0.005490
0.003523
-0.007247
-0.005365
0.008500
-0.005462
0.000790
-0.000555
0.003612
-0.001672
-0.003884
0.005533
-0.002399
0.002302
-0.007257
0.009310
-0.006030
0.003441
-0.006667
-0.004463
0.007576
-0.004720
-0.000308
0.000988
0.002068
-0.000559
-0.004982
0.006822
-0.003644
0.002937
-0.007539
0.009569
-0.006292
0.003109
-0.005814
-0.003332
0.006422
-0.003808
-0.001489
0.002558
0.000512
0.000509
-0.005942
0.007908
-0.004687
0.003351
-0.007539
0.009517
-0.006275
0.002538
-0.004715
-0.005874
0.009019
-0.005881
0.001527
-0.001660
0.004725
-0.002502
-0.003001
0.004464
-0.001359
0.001699
-0.006872
0.008915
-0.005650
0.003526
-0.007129
-0.005162
0.008293
-0.005295
0.000527
-0.000175
0.003230
-0.001393
-0.004169
0.005871
-0.002727
0.002480
-0.007353
0.009403
-0.006121
0.003381
-0.006479
-0.004200
0.007308
-0.004506
-0.000597
0.001380
0.001678
-0.000286
-0.005237
0.007114
-0.003926
0.003062
-0.007566
0.009586
-0.006313
0.002987
-0.005561
-0.003018
0.006102
-0.003558
-0.001792
0.002947
0.000128
0.000763
-0.006155
0.008142
-0.004911
0.003417
-0.007493
0.009455
-0.006229
0.002360
-0.004405
-0.005721
0.008863
-0.005755
0.001292
-0.001298
0.004360
-0.002228
-0.003300
0.004828
-0.001714
0.001911
-0.007016
0.009065
-0.005794
0.003514
-0.006992
-0.004944
0.008070
-0.005115
0.000255
0.000210
0.002845
-0.001113
-0.004447
0.006200
-0.003045
0.002645
-0.007432
0.009478
-0.006196
0.003305
-0.006274
-0.003923
0.007025
-0.004282
-0.000891
0.001774
0.001288
-0.000016
-0.005483
0.007392
-0.004193
0.003173
-0.007575
0.009582
-0.006318
0.002851
-0.005293
-0.002693
0.005772
-0.003303
-0.002095
0.003334
-0.000252
0.001009
-0.006354
0.008361
-0.005120
0.003468
-0.007430
0.009374
-0.006166
0.002170
-0.004084
-0.005551
0.008690
-0.005615
0.001045
-0.000930
0.003989
-0.001951
-0.003594
0.005185
-0.002061
0.002112
-0.007144
0.009196
-0.005920
0.003485
-0.006838
-0.004711
0.007831
-0.004923
-0.000023
0.000598
0.002458
-0.000835
-0.004719
0.006517
-0.003351
0.002797
-0.007494
0.009533
-0.006253
0.003214
-0.006052
-0.003633
0.006730
-0.004049
-0.001189
0.002166
0.000899
0.000249
-0.005718
0.007658
-0.004447
0.003269
-0.007566
0.009559
-0.006305
0.002702
-0.005012
-0.002358
0.005432
-0.003041
-0.002398
0.003716
-0.000627
0.001248
-0.006541
0.008563
-0.005313
0.003503
-0.007348
0.009275
-0.006086
0.001967
-0.003751
-0.005978
0.009123
-0.005965
0.001698
-0.001925
0.004994
-0.002707
-0.002776
0.004187
-0.001088
0.001535
-0.006755
0.008791
-0.005532
0.003525
-0.007220
-0.005316
0.008450
-0.005421
0.000725
-0.000460
0.003517
-0.001603
-0.003956
0.005619
-0.002482
0.002347
-0.007282
0.009335
-0.006054
0.003428
-0.006622
-0.004397
0.007511
-0.004667
-0.000380
0.001086
0.001971
-0.000491
-0.005047
0.006896
-0.003716
0.002969
-0.007547
0.009575
-0.006299
0.003079
-0.005753
-0.003254
0.006343
-0.003746
-0.001565
0.002655
0.000416
0.000573
-0.005996
0.007968
-0.004744
0.003369
-0.007529
0.009504
-0.006265
0.002495
-0.004639
-0.005837
0.008982
-0.005851
0.001469
-0.001570
0.004634
-0.002434
-0.003076
0.004556
-0.001449
0.001754
-0.006910
0.008955
-0.005688
0.003525
-0.007097
-0.005109
0.008239
-0.005251
0.000460
-0.000079
0.003134
-0.001323
-0.004239
0.005954
-0.002808
0.002522
-0.007374
0.009424
-0.006142
0.003364
-0.006429
-0.004131
0.007238
-0.004451
-0.000670
0.001479
0.001580
-0.000218
-0.005300
0.007185
-0.003994
0.003091
-0.007570
0.009586
-0.006316
0.002954
-0.005496
-0.002938
0.006021
-0.003495
-0.001867
0.003044
0.000033
0.000825
-0.006206
0.008198
-0.004965
0.003431
-0.007479
0.009437
-0.006214
0.002314
-0.004326
-0.005680
0.008822
-0.005722
0.001231
-0.001207
0.004268
-0.002159
-0.003374
0.004918
-0.001802
0.001963
-0.007050
0.009100
-0.005827
0.003508
-0.006956
-0.004887
0.008011
-0.005068
0.000186
0.000306
0.002749
-0.001044
-0.004516
0.006280
-0.003122
0.002684
-0.007449
0.009493
-0.006212
0.003284
-0.006220
-0.003852
0.006953
-0.004225
-0.000966
0.001872
0.001190
0.000051
-0.005543
0.007461
-0.004258
0.003198
-0.007574
0.009578
-0.006316
0.002815
-0.005224
-0.002610
0.005688
-0.003238
-0.002171
0.003430
-0.000346
0.001070
-0.006402
0.008413
-0.005170
0.003478
-0.007411
0.009351
-0.006147
0.002120
-0.004002
-0.005506
0.008645
-0.005578
0.000983
-0.000836
0.003895
-0.001882
-0.003667
0.005273
-0.002147
0.002161
-0.007174
0.009226
-0.005949
0.003476
-0.006798
-0.004650
0.007768
-0.004873
-0.000093
0.000695
0.002360
-0.000766
-0.004786
0.006594
-0.003425
0.002834
-0.007507
0.009543
-0.006264
0.003190
-0.005994
-0.003560
0.006654
-0.003989
-0.001264
0.002264
0.000802
0.000315
-0.005775
0.007721
-0.004508
0.003291
-0.007561
0.009551
-0.006299
0.002662
-0.004939
-0.002273
0.005345
-0.002975
-0.002474
0.003811
-0.000720
0.001307
-0.006586
0.008611
-0.005359
0.003510
-0.007325
0.009247
-0.006064
0.001915
-0.003665
-0.003033
0.008829
-0.009087
0.002261
0.000463
0.003742
-0.005577
-0.001013
0.005767
-0.003230
-0.000516
-0.004194
0.009453
-0.008359
0.002713
-0.004341
-0.002476
0.007914
-0.008535
0.001616
0.001743
0.002032
-0.004319
-0.001950
0.006976
-0.004822
0.000576
-0.004598
0.009759
-0.009000
0.002959
-0.003735
-0.001688
0.006735
-0.007737
0.000823
0.003092
0.000258
-0.003017
-0.002827
0.008025
-0.006238
0.001501
-0.004769
0.009761
-0.009334
0.002959
-0.002882
-0.000696
0.005328
-0.006734
-0.000071
0.004453
-0.001517
-0.001731
-0.003591
0.008865
-0.007430
0.002222
-0.004687
0.009449
-0.009360
0.002719
-0.001807
-0.002917
0.008627
-0.008973
0.002116
0.000774
0.003324
-0.005270
-0.001250
0.006081
-0.003642
-0.000230
-0.004316
0.009557
-0.008548
0.002798
-0.004214
-0.002300
0.007643
-0.008357
0.001430
0.002076
0.001592
-0.003995
-0.002177
0.007255
-0.005195
0.000824
-0.004664
0.009789
-0.009112
0.002982
-0.003544
-0.001458
0.006402
-0.007504
0.000607
0.003434
-0.000188
-0.002692
-0.003030
0.008256
-0.006559
0.001701
-0.004773
0.009712
-0.009369
0.002920
-0.002633
-0.000420
0.004946
-0.006458
-0.000304
0.004788
-0.001953
-0.001419
-0.003758
0.009037
-0.007688
0.002367
-0.004625
0.009323
-0.009319
0.002624
-0.001508
-0.002785
0.008407
-0.008843
0.001960
0.001091
0.002899
-0.004957
-0.001486
0.006388
-0.004045
0.000048
-0.004423
0.009643
-0.008717
0.002867
-0.004070
-0.002110
0.007355
-0.008164
0.001235
0.002413
0.001149
-0.003670
-0.002399
0.007524
-0.005555
0.001062
-0.004714
0.009799
-0.009205
0.002990
-0.003338
-0.001216
0.006057
-0.007258
0.000386
0.003775
-0.000633
-0.002369
-0.003226
0.008474
-0.006864
0.001888
-0.004761
0.009644
-0.009385
0.002867
-0.002370
-0.000135
0.004554
-0.006172
-0.000539
0.005120
-0.002385
-0.001111
-0.003915
0.009192
-0.007929
0.002497
-0.004547
0.009177
-0.009260
0.002516
-0.001198
-0.002638
0.008169
-0.008697
0.001793
0.001415
0.002468
-0.004640
-0.001719
0.006687
-0.004439
0.000317
-0.004518
0.009711
-0.008868
0.002921
-0.003911
-0.001906
0.007052
-0.007957
0.001033
0.002752
0.000704
-0.003344
-0.002616
0.007781
-0.005903
0.001287
-0.004749
0.009789
-0.009279
0.002982
-0.003117
-0.000961
0.005698
-0.007002
0.000160
0.004115
-0.001076
-0.002048
-0.003413
0.008677
-0.007155
0.002062
-0.004732
0.009557
-0.009382
0.002800
-0.002095
0.000160
0.004152
-0.005878
-0.000776
0.005446
-0.002811
-0.000811
-0.004061
0.009332
-0.008153
0.002612
-0.004453
0.009012
-0.009182
0.002395
-0.000878
-0.003005
0.008780
-0.009060
0.002226
0.000540
0.003638
-0.005501
-0.001072
0.005846
-0.003334
-0.000444
-0.004226
0.009481
-0.008408
0.002735
-0.004311
-0.002434
0.007848
-0.008492
0.001570
0.001826
0.001922
-0.004238
-0.002007
0.007047
-0.004916
0.000639
-0.004616
0.009768
-0.009030
0.002967
-0.003689
-0.001632
0.006653
-0.007680
0.000770
0.003178
0.000147
-0.002936
-0.002878
0.008084
-0.006319
0.001552
-0.004771
0.009751
-0.009345
0.002950
-0.002821
-0.000628
0.005233
-0.006666
-0.000129
0.004537
-0.001626
-0.001653
-0.003633
0.008909
-0.007496
0.002259
-0.004673
0.009419
-0.009351
0.002697
-0.001734
-0.002885
0.008573
-0.008942
0.002078
0.000853
0.003218
-0.005192
-0.001309
0.006159
-0.003743
-0.000159
-0.004344
0.009580
-0.008592
0.002816
-0.004180
-0.002254
0.007573
-0.008310
0.001382
0.002160
0.001482
-0.003914
-0.002233
0.007324
-0.005286
0.000885
-0.004678
0.009793
-0.009137
0.002985
-0.003494
-0.001399
0.006317
-0.007443
0.000552
0.003519
-0.000299
-0.002611
-0.003080
0.008312
-0.006637
0.001749
-0.004771
0.009697
-0.009375
0.002909
-0.002568
-0.000350
0.004849
-0.006387
-0.000362
0.004872
-0.002062
-0.001341
-0.003799
0.009077
-0.007750
0.002401
-0.004607
0.009288
-0.009306
0.002598
-0.001431
-0.002749
0.008349
-0.008808
0.001919
0.001172
0.002792
-0.004878
-0.001544
0.006464
-0.004144
0.000116
-0.004448
0.009662
-0.008756
0.002882
-0.004032
-0.002060
0.007281
-0.008114
0.001185
0.002497
0.001038
-0.003588
-0.002454
0.007589
-0.005643
0.001119
-0.004724
0.009799
-0.009226
0.002989
-0.003284
-0.001153
0.005968
-0.007195
0.000330
0.003860
-0.000744
-0.002288
-0.003273
0.008526
-0.006939
0.001933
-0.004755
0.009624
-0.009386
0.002852
-0.002302
-0.000062
0.004454
-0.006099
-0.000598
0.005202
-0.002492
-0.001035
-0.003953
0.009229
-0.007987
0.002527
-0.004525
0.009138
-0.009242
0.002487
-0.001119
-0.002599
0.008107
-0.008658
0.001750
0.001497
0.002359
-0.004560
-0.001777
0.006760
-0.004536
0.000383
-0.004539
0.009724
-0.008903
0.002932
-0.003868
-0.001852
0.006974
-0.007903
0.000981
0.002837
0.000593
-0.003262
-0.002669
0.007843
-0.005988
0.001342
-0.004756
0.009784
-0.009295
0.002977
-0.003059
-0.000896
0.005607
-0.006936
0.000103
0.004200
-0.001187
-0.001969
-0.003458
0.008725
-0.007225
0.002103
-0.004723
0.009532
-0.009378
0.002781
-0.002024
0.000235
0.004050
-0.005803
-0.000835
0.005527
-0.002916
-0.000736
-0.004095
0.009364
-0.008207
0.002639
-0.004426
0.008968
-0.009160
0.002362
-0.000796
-0.002976
0.008730
-0.009032
0.002190
0.000617
0.003534
-0.005424
-0.001132
0.005925
-0.003437
-0.000372
-0.004257
0.009508
-0.008456
0.002757
-0.004280
-0.002390
0.007781
-0.008448
0.001524
0.001909
0.001812
-0.004157
-0.002064
0.007117
-0.005010
0.000702
-0.004633
0.009776
-0.009058
0.002973
-0.003641
-0.001575
0.006570
-0.007622
0.000716
0.003263
0.000035
-0.002855
-0.002929
0.008142
-0.006400
0.001603
-0.004773
0.009739
-0.009354
0.002941
-0.002759
-0.000560
0.005138
-0.006597
-0.000187
0.004621
-0.001735
-0.001574
-0.003676
0.008953
-0.007561
0.002296
-0.004658
0.009389
-0.009342
0.002673
-0.001659
-0.002852
0.008519
-0.008911
0.002039
0.000932
0.003112
-0.005114
-0.001368
0.006236
-0.003844
-0.000090
-0.004371
0.009603
-0.008635
0.002834
-0.004144
-0.002207
0.007501
-0.008262
0.001334
0.002244
0.001371
-0.003832
-0.002289
0.007391
-0.005377
0.000944
-0.004691
0.009796
-0.009161
0.002988
-0.003443
-0.001338
0.006231
-0.007382
0.000497
0.003604
-0.000411
-0.002530
-0.003129
0.008367
-0.006713
0.001796
-0.004769
0.009681
-0.009380
0.002896
-0.002503
-0.000279
0.004751
-0.006316
-0.000421
0.004955
-0.002170
-0.001264
-0.003838
0.009117
-0.007811
0.002434
-0.004588
0.009252
-0.009292
0.002572
-0.001354
-0.002713
0.008290
-0.008772
0.001878
0.001252
0.002684
-0.004799
-0.001603
0.006539
-0.004243
0.000184
-0.004472
0.009679
-0.008795
0.002896
-0.003992
-0.002009
0.007206
-0.008062
0.001135
0.002582
0.000927
-0.003507
-0.002508
0.007654
-0.005731
0.001176
-0.004734
0.009797
-0.009245
0.002988
-0.003229
-0.001090
0.005879
-0.007131
0.000273
0.003945
-0.000855
-0.002208
-0.003320
0.008577
-0.007012
0.001977
-0.004749
0.009603
-0.009386
0.002836
-0.002234
0.000012
0.004354
-0.006026
-0.000657
0.005283
-0.002599
-0.000960
-0.003989
0.009264
-0.008044
0.002557
-0.004502
0.009097
-0.009223
0.002457
-0.001039
-0.002559
0.008044
-0.008618
0.001706
0.001579
0.002250
-0.004480
-0.001835
0.006832
-0.004632
0.000448
-0.004560
0.009737
-0.008936
0.002942
-0.003825
-0.001798
0.006895
-0.007848
0.000929
0.002922
0.000481
-0.003181
-0.002722
0.007904
-0.006073
0.001395
-0.004761
0.009778
-0.009309
0.002972
-0.003001
-0.000830
0.005514
-0.006869
0.000045
0.004284
-0.001297
-0.001889
-0.003503
0.008773
-0.007295
0.002144
-0.004711
0.009505
-0.009373
0.002761
-0.001952
0.000310
0.003948
-0.005728
-0.000894
0.005607
-0.003021
-0.000662
-0.004129
0.009395
-0.008259
0.002664
-0.004399
0.008923
-0.009137
0.002329
-0.000714
-0.002947
0.008679
-0.009003
0.002154
0.000695
0.003429
-0.005347
-0.001191
0.006003
-0.003540
-0.000301
-0.004287
0.009533
-0.008502
0.002778
-0.004247
-0.002345
0.007712
-0.008403
0.001477
0.001993
0.001703
-0.004076
-0.002120
0.007186
-0.005103
0.000763
-0.004649
0.009783
-0.009086
0.002978
-0.003593
-0.001517
0.006487
-0.007563
0.000662
0.003349
-0.000076
-0.002773
-0.002980
0.008200
-0.006480
0.001652
-0.004774
0.009726
-0.009362
0.002931
-0.002696
-0.000490
0.005042
-0.006528
-0.000245
0.004705
-0.001844
-0.001496
-0.003717
0.008996
-0.007625
0.002332
-0.004642
0.009356
-0.009331
0.002649
-0.001584
-0.002819
0.008464
-0.008878
0.002000
0.001011
0.003005
-0.005035
-0.001427
0.006312
-0.003945
-0.000020
-0.004398
0.009623
-0.008676
0.002851
-0.004108
-0.002158
0.007429
-0.008214
0.001285
0.002328
0.001260
-0.003751
-0.002344
0.007458
-0.005466
0.001004
-0.004703
0.009798
-0.009184
0.002989
-0.003391
-0.001277
0.006144
-0.007321
0.000442
0.003689
-0.000522
-0.002450
-0.003178
0.008421
-0.006790
0.001843
-0.004765
0.009663
-0.009383
0.002882
-0.002437
-0.000207
0.004653
-0.006244
-0.000480
0.005037
-0.002278
-0.001188
-0.003877
0.009155
-0.007871
0.002466
-0.004569
0.009215
-0.009276
0.002544
-0.001277
-0.002676
0.008230
-0.008735
0.001836
0.001333
0.002576
-0.004719
-0.001661
0.006613
-0.004341
0.000251
-0.004495
0.009696
-0.008832
0.002909
-0.003952
-0.001958
0.007130
-0.008010
0.001084
0.002666
0.000816
-0.003425
-0.002562
0.007717
-0.005817
0.001232
-0.004742
0.009794
-0.009263
0.002985
-0.003174
-0.001026
0.005789
-0.007067
0.000217
0.004030
-0.000966
-0.002128
-0.003367
0.008628
-0.007084
0.002020
-0.004741
0.009580
-0.009385
0.002818
-0.002165
0.000086
0.004254
-0.005952
-0.000716
0.005365
-0.002705
-0.000885
-0.004026
0.009298
-0.008099
0.002585
-0.004478
0.009055
-0.009203
0.002426
-0.000959
-0.002518
0.007979
-0.008577
0.001661
0.001661
0.002141
-0.004399
-0.001893
0.006905
-0.004727
0.000512
-0.004579
0.009749
-0.008968
0.002951
-0.003780
-0.001744
0.006815
-0.007793
0.000876
0.003007
0.000370
-0.003099
-0.002774
0.007965
-0.006156
0.001448
-0.004766
0.009770
-0.009322
0.002966
-0.002942
-0.000763
0.005421
-0.006802
-0.000013
0.004369
-0.001407
-0.001810
-0.003547
0.008819
-0.007363
0.002183
-0.004700
0.009478
-0.009367
0.002741
-0.001880
0.000386
0.003845
-0.005653
-0.000954
0.005687
-0.003126
-0.000589
-0.004162
0.009425
-0.008310
0.002689
-0.004371
0.008876
-0.009112
0.002296
-0.000631
