400
800
C00
100
500
900
D00
200
600
A00
E00
300
700
B00
F00
040
440
840
C40
140
540
940
D40
240
640
A40
E40
340
740
B40
F40
080
480
880
C80
180
580
980
D80
280
680
A80
E80
380
780
B80
F80
0C0
4C0
8C0
CC0
1C0
5C0
9C0
DC0
2C0
6C0
AC0
EC0
3C0
7C0
BC0
FC0
410
810
C10
110
510
910
D10
210
610
A10
E10
310
710
B10
F10
450
850
C50
150
550
950
D50
250
650
A50
E50
350
750
B50
F50
090
490
890
C90
190
590
990
D90
290
690
A90
E90
390
790
B90
F90
0D0
4D0
8D0
CD0
1D0
5D0
9D0
DD0
2D0
6D0
AD0
ED0
3D0
7D0
BD0
FD0
420
820
C20
120
520
920
D20
220
620
A20
E20
320
720
B20
F20
460
860
C60
160
560
960
D60
260
660
A60
E60
360
760
B60
F60
4A0
8A0
CA0
1A0
5A0
9A0
DA0
2A0
6A0
AA0
EA0
3A0
7A0
BA0
FA0
0E0
4E0
8E0
CE0
1E0
5E0
9E0
DE0
2E0
6E0
AE0
EE0
3E0
7E0
BE0
FE0
430
830
C30
130
530
930
D30
230
630
A30
E30
330
730
B30
F30
470
870
C70
170
570
970
D70
270
670
A70
E70
370
770
B70
F70
4B0
8B0
CB0
1B0
5B0
9B0
DB0
2B0
6B0
AB0
EB0
3B0
7B0
BB0
FB0
4F0
8F0
CF0
1F0
5F0
9F0
DF0
2F0
6F0
AF0
EF0
3F0
7F0
BF0
FF0
404
804
C04
504
904
D04
204
604
A04
E04
304
704
B04
F04
444
844
C44
144
544
944
D44
244
644
A44
E44
344
744
B44
F44
484
884
C84
184
584
984
D84
284
684
A84
E84
384
784
B84
F84
4C4
8C4
CC4
1C4
5C4
9C4
DC4
2C4
6C4
AC4
EC4
3C4
7C4
BC4
FC4
414
814
C14
514
914
D14
214
614
A14
E14
314
714
B14
F14
454
854
C54
554
954
D54
254
654
A54
E54
354
754
B54
F54
494
894
C94
194
594
994
D94
294
694
A94
E94
394
794
B94
F94
4D4
8D4
CD4
1D4
5D4
9D4
DD4
2D4
6D4
AD4
ED4
3D4
7D4
BD4
FD4
424
824
C24
524
924
D24
224
624
A24
E24
324
724
B24
F24
464
864
C64
564
964
D64
264
664
A64
E64
364
764
B64
F64
4A4
8A4
CA4
5A4
9A4
DA4
2A4
6A4
AA4
EA4
3A4
7A4
BA4
FA4
4E4
8E4
CE4
1E4
5E4
9E4
DE4
2E4
6E4
AE4
EE4
3E4
7E4
BE4
FE4
434
834
C34
534
934
D34
234
634
A34
E34
334
734
B34
F34
474
874
C74
574
974
D74
274
674
A74
E74
374
774
B74
F74
4B4
8B4
CB4
5B4
9B4
DB4
2B4
6B4
AB4
EB4
3B4
7B4
BB4
FB4
4F4
8F4
CF4
5F4
9F4
DF4
2F4
6F4
AF4
EF4
3F4
7F4
BF4
FF4
408
808
C08
508
000
000
000
000
000
000
000
000
000
000
000
000
000
000
000
000
000
000
000
000
000
000
000
000
000
000
000
000
000
000
000
000
000
000
000
000
000
000
000
000
000
000
000
000
000
000
000
000
000
000
000
000
000
000
000
000
000
000
000
000
000
000
000
000
000
000
000
000
000
000
000
000
000
000
000
000
000
000
000
000
000
000
000
000
000
000
000
000
000
000
000
000
000
000
000
000
000
000
000
000
000
000
000
000
000
000
000
000
000
000
000
000
000
000
000
000
000
000
000
000
000
000
000
000
000
000
000
000
000
000
000
000
000
000
000
000
000
000
000
000
000
000
000
000
000
000
000
000
000
000
000
000
000
000
000
000
000
000
000
000
000
000
000
000
000
000
000
000
000
000
000
000
000
000
000
000
000
000
000
000
000
000
000
000
000
000
000
000
000
000
000
000
000
000
000
000
000
000
000
000
000
000
000
000
000
000
000
000
000
000
000
000
000
000
000
000
000
000
000
000
000
000
000
000
000
000
000
000
000
000
000
000
000
000
000
000
000
000
000
000
000
000
000
000
000
000
000
000
000
000
000
000
000
000
000
000
000
000
000
000
000
000
000
000
000
000
000
000
000
000
000
000
000
000
000
000
000
000
000
000
000
000
000
000
000
000
000
000
000
000
000
000
000
000
000
000
000
000
000
000
000
000
000
000
000
000
000
000
000
000
000
000
000
000
000
000
000
000
000
000
000
000
000
000
000
000
000
000
000
000
000
000
000
000
000
000
000
000
000
000
000
000
000
000
000
000
000
000
000
000
000
000
000
000
000
000
000
000
000
000
000
000
000
000
000
000
000
000
000
000
000
000
000
000
000
000
000
000
000
000
000
000
000
000
000
000
000
000
000
000
000
000
000
000
000
000
000
000
000
000
000
000
000
000
000
000
000
000
000
000
000
000
000
000
000
000
000
000
000
000
000
000
000
000
000
000
000
000
000
000
000
000
000
000
000
000
000
000
000
000
000
000
000
000
000
000
000
000
000
000
000
000
000
000
000
000
000
000
000
000
000
000
000
000
000
000
000
000
000
000
000
000
000
000
000
000
000
000
000
000
000
000
000
000
000
000
000
000
000
000
000
000
000
000
000
000
000
000
000
000
000
000
000
000
000
000
000
000
000
000
000
000
000
000
000
000
000
000
000
000
000
000
000
000
000
000
000
000
000
000
000
000
000
000
000
000
000
000
000
000
000
000
000
000
000
000
000
000
000
000
000
000
000
000
000
000
000
000
000
000
000
000
000
000
000
000
000
000
000
000
000
000
000
000
000
000
000
000
000
000
000
000
000
000
000
000
000
000
000
000
000
000
000
000
000
000
000
000
000
000
000
000
000
000
000
000
000
000
000
000
000
000
000
000
000
000
000
000
000
000
000
000
000
000
000
000
000
000
000
000
000
000
000
000
000
000
000
000
000
000
000
000
000
000
000
000
000
000
000
000
000
000
000
000
000
000
000
000
000
000
000
000
000
000
000
000
000
000
000
000
000
000
000
000
000
000
000
000
000
000
000
000
000
000
000
000
000
000
000
000
000
000
000
000
000
000
000
000
000
000
000
000
000
000
000
000
000
000
000
000
000
000
000
000
000
000
000
000
000
000
000
000
000
000
000
000
000
000
000
000
000
000
000
000
000
000
000
000
000
000
000
000
000
000
000
000
000
000
000
000
000
000
000
000
000
000
000
000
000
000
000
000
000
000
000
000
000
000
000
000
000
000
000
000
000
000
000
000
000
000
000
000
000
000
000
000
000
000
000
000
000
000
000
000
000
000
000
000
000
000
000
000
000
000
000
000
000
000
000
000
000
000
000
000
000
000
000
000
000
000
000
000
000
000
000
000
000
000
000
000
000
000
000
000
000
000
000
000
000
000
000
000
000
000
000
000
000
000
000
000
000
000
000
000
000
000
000
000
000
000
000
000
000
000
000
000
000
000
000
000
000
000
000
000
000
000
000
000
000
000
000
000
000
000
000
000
000
000
000
000
000
000
000
000
000
000
000
000
000
000
000
000
000
000
000
000
000
000
000
000
000
000
000
000
000
000
000
000
000
000
000
000
000
000
000
000
000
000
000
000
000
000
000
000
000
000
000
000
000
000
000
000
000
000
000
000
000
000
000
000
000
000
000
000
000
000
000
000
000
000
000
000
000
000
000
000
000
000
000
000
000
000
000
000
000
000
000
000
000
000
000
000
000
000
000
000
000
000
000
000
000
000
000
000
000
000
000
000
000
000
000
000
000
000
000
000
000
000
000
000
000
000
000
000
000
000
000
000
000
000
000
000
000
000
000
000
000
000
000
000
000
000
000
000
000
000
000
000
000
000
000
000
000
000
000
000
000
000
000
000
000
000
000
000
000
000
000
000
000
000
000
000
000
000
000
000
000
000
000
000
000
000
000
000
000
000
000
000
000
000
000
000
000
000
000
000
000
000
000
000
000
000
000
000
000
000
000
000
000
000
000
000
000
000
000
000
000
000
000
000
000
000
000
000
000
000
000
000
000
000
000
000
000
000
000
000
000
000
000
000
000
000
000
000
000
000
000
000
000
000
000
000
000
000
000
000
000
000
000
000
000
000
000
000
000
000
000
000
000
000
000
000
000
000
000
000
000
000
000
000
000
000
000
000
000
000
000
000
000
000
000
000
000
000
000
000
000
000
000
000
000
000
000
000
000
000
000
000
000
000
000
000
000
000
000
000
000
000
000
000
000
000
000
000
000
000
000
000
000
000
000
000
000
000
000
000
000
000
000
000
000
000
000
000
000
000
000
000
000
000
000
000
000
000
000
000
000
000
000
000
000
000
000
000
000
000
000
000
000
000
000
000
000
000
000
000
000
000
000
000
000
000
000
000
000
000
000
000
000
000
000
000
000
000
000
000
000
000
000
000
000
000
000
000
000
000
000
000
000
000
000
000
000
000
000
000
000
000
000
000
000
000
000
000
000
000
000
000
000
000
000
000
000
000
000
000
000
000
000
000
000
000
000
000
000
000
000
000
000
000
000
000
000
000
000
000
000
000
000
000
000
000
000
000
000
000
000
000
000
000
000
000
000
000
000
000
000
000
000
000
000
000
000
000
000
000
000
000
000
000
000
000
000
000
000
000
000
000
000
000
000
000
000
000
000
000
000
000
000
000
000
000
000
000
000
000
000
000
000
000
000
000
000
000
000
000
000
000
000
000
000
000
000
000
000
000
000
000
000
000
000
000
000
000
000
000
000
000
000
000
000
000
000
000
000
000
000
000
000
000
000
000
000
000
000
000
000
000
000
000
000
000
000
000
000
000
000
000
000
000
000
000
000
000
000
000
000
000
000
000
000
000
000
000
000
000
000
000
000
000
000
000
000
000
000
000
000
000
000
000
000
000
000
000
000
000
000
000
000
000
000
000
000
000
000
000
000
000
000
000
000
000
000
000
000
000
000
000
000
000
000
000
000
000
000
000

