781724 
782476 
793040 
794852 
807268 
810288 
818572 
823808 
830252 
831572 
833348 
835324 
838856 
841212 
841512 
847204 
847792 
848188 
851508 
851936 
852844 
852916 
853820 
854684 
854980 
858072 
858232 
858412 
863240 
865984 
867240 
868404 
869620 
871012 
871304 
873044 
875420 
877076 
878820 
886124 
887468 
888124 
889144 
891856 
893052 
893476 
893484 
894152 
894224 
896148 
897608 
899476 
900640 
901644 
902144 
910864 
910936 
912304 
913316 
915992 
920728 
920740 
924652 
924980 
925284 
925888 
930648 
930884 
932964 
933508 
935688 
936684 
937988 
938844 
940780 
941664 
945644 
947232 
950104 
950364 
951948 
952156 
952920 
956708 
956976 
958580 
960528 
961032 
966596 
970224 
970372 
970896 
973436 
974048 
978528 
979032 
979496 
980548 
983852 
988508 
988920 
991080 
992832 
994628 
995292 
997932 
997948 
998892 
1000256 
1001928 
1002228 
1002328 
1005136 
1005764 
1010380 
1010380 
1011460 
1014216 
1015320 
1018224 
1018480 
1018804 
1019104 
1019760 
1021464 
1026096 
1027388 
1031312 
1032528 
1034236 
1034336 
1037444 
1037812 
1040736 
1040964 
1044052 
1044164 
1044836 
1046948 
1049792 
1051068 
1051688 
1051992 
1052068 
1053216 
1053704 
1055344 
1057928 
1058216 
1059884 
1060164 
1061140 
1063804 
1065676 
1069348 
1071228 
1073500 
1073804 
1075056 
1075068 
1075628 
1075716 
1077168 
1087384 
1088912 
1091672 
1092352 
1093468 
1094624 
1096008 
1096972 
1098120 
1098248 
1099992 
1100380 
1102700 
1102988 
1108192 
1108520 
1109424 
1109544 
1109816 
1111852 
1112028 
1112128 
1116424 
1116720 
1116976 
1117496 
1118032 
1118256 
1120016 
1120444 
1121096 
1121348 
1121736 
1122192 
1123356 
1124544 
1125416 
1126336 
1127528 
1128244 
1128632 
1129924 
1130032 
1130548 
1132464 
1132896 
1133036 
1134432 
1134552 
1134596 
1134884 
1135612 
1135996 
1138356 
1138716 
1139156 
1139712 
1140860 
1140936 
1142136 
1142240 
1143108 
1148576 
1148876 
1152540 
1152756 
1155132 
1158136 
1158480 
1158912 
1159632 
1160360 
1162964 
1163312 
1164248 
1165124 
1169892 
1169916 
1171216 
1173412 
1175312 
1175568 
1177440 
1178148 
1178656 
1179308 
1179724 
1180676 
1183328 
1184496 
1184824 
1185768 
1186468 
1186544 
1186708 
1188404 
1189896 
1190124 
1190876 
1191192 
1191804 
1192976 
1193488 
1194420 
1195060 
1195148 
1195892 
1197228 
1197816 
1200640 
1200880 
1200996 
1201500 
1201856 
1202960 
1203624 
1203808 
1203972 
1205884 
1206016 
1206040 
1206904 
1207004 
1207568 
1207620 
1207660 
1207788 
1208496 
1208504 
1208972 
1209060 
1209288 
1209552 
1209956 
1211708 
1211780 
1212468 
1212668 
1213400 
1213848 
1214052 
1214412 
1216528 
1218268 
1218316 
1218540 
1218576 
1218812 
1219536 
1221012 
1221304 
1221476 
1221824 
1222068 
1222436 
1222472 
1222836 
1223000 
1223036 
1223076 
1223140 
1223624 
1225256 
1225852 
1225872 
1226080 
1226304 
1228136 
1228492 
1228496 
1228584 
1229064 
1229284 
1229528 
1229552 
1229648 
1230584 
1230696 
1230888 
1230896 
1231236 
1231384 
1231420 
1232020 
1232036 
1232048 
1232260 
1232380 
1233268 
1233292 
1233356 
1233944 
1234560 
1234796 
1235268 
1235940 
1235964 
1236116 
1236396 
1236664 
1236952 
1237396 
1237756 
1238112 
1238512 
1238568 
1238700 
1238868 
1239036 
1239052 
1239080 
1239136 
1239136 
1239412 
1239540 
1240284 
1240448 
1240536 
1241132 
1241340 
1241656 
1241988 
1242040 
1242244 
1242332 
1242584 
1242752 
1242852 
1243176 
1243228 
1243452 
1243556 
1243580 
1243908 
1243948 
1244808 
1244948 
1244992 
1244996 
1245064 
1245208 
1245348 
1245600 
1245716 
1245728 
1246232 
1246336 
1246368 
1246600 
1246760 
1246880 
1246940 
1247016 
1247044 
1247112 
1247224 
1247240 
1247352 
1247360 
1247368 
1247652 
1247724 
1247740 
1247876 
1248108 
1248140 
1248180 
1248180 
1248456 
1248520 
1248544 
1248672 
1248896 
1248908 
1248920 
1249112 
1249184 
1249184 
1249332 
1249356 
1249532 
1249584 
1249768 
1249840 
1249860 
1249932 
1250068 
1250288 
1250676 
1250744 
1250784 
1250912 
1250960 
1251056 
1251200 
1251232 
1251376 
1251428 
1251464 
1251468 
1251516 
1251532 
1251532 
1251628 
1251684 
1251796 
1251964 
1252104 
1252164 
1252300 
1252320 
1252428 
1252464 
1252524 
1252564 
1252680 
1252728 
1252852 
1252872 
1253172 
1253188 
1253232 
1253232 
1253472 
1253732 
1253768 
1253832 
1253864 
1253880 
1253904 
1253976 
1254036 
1254108 
1254196 
1254240 
1254248 
1254788 
1254812 
1254844 
1254848 
1254984 
1255144 
1255160 
1255164 
1255208 
1255224 
1255324 
1255336 
1255476 
1255484 
1255532 
1255536 
1255568 
1255596 
1255776 
1255956 
1256044 
1256136 
1256164 
1256196 
1256196 
1256296 
1256476 
1256480 
1256536 
1256560 
1256576 
1256656 
1256696 
1256716 
1256752 
1256876 
1256900 
1256912 
1256948 
1256988 
1257028 
1257104 
1257148 
1257252 
1257272 
1257492 
1257664 
1257732 
1257996 
1257996 
1258040 
1258084 
1258112 
1258132 
1258188 
1258240 
1258260 
1258296 
1258388 
1258392 
1258416 
1258508 
1258528 
1258564 
1258608 
1258664 
1258700 
1258804 
1258808 
1258884 
1258928 
1258940 
1258944 
1258984 
1258988 
1259048 
1259096 
1259108 
1259128 
1259216 
1259256 
1259288 
1259376 
1259392 
1259436 
1259472 
1259492 
1259556 
1259576 
1259632 
1259676 
1259708 
1259772 
1259840 
1259864 
1259868 
1259944 
1259956 
1259980 
1259988 
1260104 
1260208 
1260260 
1260280 
1260288 
1260296 
1260352 
1260364 
1260376 
1260376 
1260464 
1260468 
1260476 
1260584 
1260584 
1260664 
1260692 
1260712 
1260728 
1260764 
1260804 
1260884 
1260920 
1260976 
1260992 
1261008 
1261012 
1261032 
1261032 
1261056 
1261076 
1261080 
1261080 
1261168 
1261228 
1261232 
1261316 
1261352 
1261368 
1261488 
1261560 
1261600 
1261640 
1261644 
1261792 
1261800 
1261812 
1261852 
1261916 
1261964 
1261980 
1262044 
1262048 
1262052 
1262072 
1262096 
1262104 
1262120 
1262160 
1262188 
1262192 
1262196 
1262204 
1262316 
1262320 
1262336 
1262340 
1262368 
1262400 
1262420 
1262468 
1262592 
1262624 
1262660 
1262672 
1262676 
1262700 
1262800 
1262816 
1262820 
1262852 
1262892 
1262904 
1262932 
1263004 
1263008 
1263048 
1263068 
1263104 
1263116 
1263116 
1263184 
1263224 
1263276 
1263296 
1263352 
1263404 
1263424 
1263448 
1263492 
1263544 
1263588 
1263592 
1263600 
1263640 
1263660 
1263712 
1263748 
1263816 
1263864 
1263932 
1264000 
1264052 
1264060 
1264084 
1264152 
1264192 
1264228 
1264304 
1264380 
1264384 
1264400 
1264452 
1264456 
1264460 
1264476 
1264484 
1264488 
1264492 
1264496 
1264536 
1264556 
1264556 
1264600 
1264604 
1264640 
1264692 
1264696 
1264748 
1264748 
1264768 
1264776 
1264796 
1264808 
1264812 
1264832 
1264848 
1264848 
1265020 
1265020 
1265024 
1265052 
1265056 
1265060 
1265080 
1265100 
1265148 
1265156 
1265176 
1265216 
1265216 
1265268 
1265280 
1265308 
1265348 
1265364 
1265424 
1265460 
1265472 
1265472 
1265476 
1265496 
1265516 
1265536 
1265536 
1265560 
1265596 
1265600 
1265620 
1265644 
1265660 
1265672 
1265672 
1265720 
1265728 
1265728 
1265748 
1265760 
1265780 
1265796 
1265808 
1265820 
1265828 
1265876 
1265980 
1265992 
1265992 
1266028 
1266040 
1266052 
1266056 
1266072 
1266072 
1266100 
1266112 
1266148 
1266192 
1266232 
1266248 
1266272 
1266316 
1266344 
1266348 
1266368 
1266372 
1266376 
1266400 
1266408 
1266428 
1266448 
1266532 
1266540 
1266544 
1266560 
1266572 
1266572 
1266584 
1266584 
1266640 
1266660 
1266660 
1266664 
1266668 
1266704 
1266716 
1266728 
1266736 
1266772 
1266804 
1266804 
1266812 
1266852 
1266864 
1266868 
1266880 
1266968 
1266976 
1266980 
1266992 
1267016 
1267028 
1267040 
1267048 
1267076 
1267112 
1267116 
1267232 
1267328 
1267340 
1267340 
1267344 
1267368 
1267392 
1267408 
1267408 
1267428 
1267452 
1267460 
1267480 
1267488 
1267508 
1267536 
1267536 
1267564 
1267588 
1267664 
1267704 
1267708 
1267724 
1267744 
1267812 
1267844 
1267844 
1267868 
1267876 
1267876 
1267888 
1267896 
1267920 
1267924 
1267936 
1267952 
1267960 
1267976 
1267996 
1268012 
1268012 
1268068 
1268072 
1268076 
1268096 
1268160 
1268200 
1268208 
1268208 
1268228 
1268232 
1268232 
1268244 
1268336 
1268360 
1268368 
1268388 
1268392 
1268400 
1268420 
1268428 
1268456 
1268464 
1268504 
1268504 
1268508 
1268512 
1268532 
1268532 
1268616 
1268620 
1268624 
1268628 
1268636 
1268636 
1268640 
1268660 
1268688 
1268704 
1268768 
1268780 
1268788 
1268820 
1268836 
1268864 
1268876 
1268880 
1268884 
1268896 
1268948 
1268980 
1268988 
1269008 
1269020 
1269032 
1269076 
1269104 
1269112 
1269136 
1269140 
1269148 
1269148 
1269148 
1269164 
1269168 
1269188 
1269200 
1269204 
1269236 
1269304 
1269324 
1269324 
1269352 
1269360 
1269416 
1269440 
1269460 
1269468 
1269472 
1269480 
1269488 
1269508 
1269516 
1269580 
1269616 
1269652 
1269684 
1269688 
1269732 
1269736 
1269772 
1269772 
1269776 
1269796 
1269808 
1269828 
1269836 
1269840 
1269844 
1269856 
1269860 
1269864 
1269888 
1269888 
1269912 
1269932 
1269932 
1269932 
1269936 
1269940 
1269948 
1269948 
1269956 
1269980 
1269980 
1269996 
1270008 
1270028 
1270044 
1270084 
1270088 
1270108 
1270140 
1270152 
1270176 
1270184 
1270208 
1270220 
1270224 
1270244 
1270268 
1270280 
1270284 
1270292 
1270292 
1270300 
1270300 
1270308 
1270328 
1270336 
1270344 
1270372 
1270404 
1270440 
1270456 
1270460 
1270472 
1270512 
1270512 
1270528 
1270536 
1270552 
1270572 
1270572 
1270620 
1270632 
1270636 
1270644 
1270668 
1270708 
1270708 
1270712 
1270716 
1270720 
1270744 
1270756 
1270760 
1270768 
1270768 
1270772 
1270780 
1270780 
1270788 
1270788 
1270796 
1270804 
1270812 
1270812 
1270828 
1270832 
1270840 
1270844 
1270848 
1270848 
1270904 
1270924 
1270932 
1270964 
1270984 
1271028 
1271040 
1271040 
1271048 
1271048 
1271052 
1271056 
1271068 
1271080 
1271088 
1271116 
1271128 
1271132 
1271148 
1271176 
1271196 
1271220 
1271244 
1271256 
1271264 
1271268 
1271288 
1271292 
1271308 
1271316 
1271320 
1271328 
1271332 
1271340 
1271392 
1271428 
1271436 
1271468 
1271484 
1271484 
1271484 
1271500 
1271500 
1271504 
1271524 
1271528 
1271548 
1271576 
1271596 
1271604 
1271608 
1271616 
1271628 
1271636 
1271652 
1271660 
1271680 
1271704 
1271708 
1271796 
1271804 
1271808 
1271816 
1271820 
1271856 
1271860 
1271860 
1271868 
1271880 
1271884 
1271904 
1271912 
1271912 
1271928 
1271960 
1271960 
1271984 
1271984 
1271996 
1272012 
1272012 
1272012 
1272020 
1272048 
1272048 
1272064 
1272076 
1272076 
1272080 
1272100 
1272104 
1272172 
1272180 
1272184 
1272196 
1272208 
1272212 
1272216 
1272216 
1272220 
1272224 
1272232 
1272252 
1272260 
1272268 
1272284 
1272304 
1272308 
1272356 
1272364 
1272392 
1272404 
1272420 
1272424 
1272424 
1272436 
1272440 
1272452 
1272456 
1272468 
1272472 
1272476 
1272496 
1272504 
1272512 
1272524 
1272540 
1272556 
1272576 
1272576 
1272588 
1272604 
1272620 
1272648 
1272652 
1272668 
1272684 
1272692 
1272692 
1272692 
1272708 
1272728 
1272736 
1272756 
1272764 
1272768 
1272772 
1272772 
1272776 
1272788 
1272796 
1272804 
1272812 
1272824 
1272836 
1272884 
1272884 
1272908 
1272916 
1272924 
1272928 
1272936 
1272936 
1272956 
1272956 
1272960 
1272964 
1272968 
1272984 
1272992 
1272992 
1272996 
1273004 
1273004 
1273012 
1273020 
1273024 
1273028 
1273064 
1273092 
1273108 
1273136 
1273144 
1273156 
1273176 
1273176 
1273180 
1273188 
1273236 
1273256 
1273260 
1273268 
1273268 
1273276 
1273284 
1273300 
1273328 
1273332 
1273340 
1273352 
1273352 
1273360 
1273360 
1273364 
1273368 
1273380 
1273380 
1273432 
1273448 
1273448 
1273484 
1273488 
1273492 
1273492 
1273492 
1273508 
1273508 
1273532 
1273548 
1273556 
1273580 
1273584 
1273588 
1273588 
1273588 
1273612 
1273640 
1273660 
1273664 
1273676 
1273676 
1273680 
1273684 
1273688 
1273688 
1273700 
1273712 
1273724 
1273728 
1273732 
1273752 
1273764 
1273768 
1273768 
1273780 
1273788 
1273800 
1273844 
1273844 
1273852 
1273852 
1273892 
1273900 
1273904 
1273932 
1273936 
1273936 
1273952 
1273956 
1273972 
1273976 
1273992 
1274000 
1274008 
1274020 
1274048 
1274068 
1274076 
1274076 
1274088 
1274124 
1274128 
1274128 
1274132 
1274152 
1274176 
1274188 
1274192 
1274192 
1274192 
1274212 
1274216 
1274216 
1274216 
1274220 
1274240 
1274244 
1274252 
1274264 
1274280 
1274308 
1274316 
1274324 
1274332 
1274348 
1274352 
1274372 
1274400 
1274416 
1274424 
1274432 
1274440 
1274440 
1274456 
1274456 
1274480 
1274480 
1274488 
1274492 
1274492 
1274512 
1274528 
1274536 
1274548 
1274560 
1274568 
1274576 
1274592 
1274600 
1274604 
1274608 
1274612 
1274612 
1274612 
1274624 
1274652 
1274660 
1274664 
1274672 
1274672 
1274692 
1274696 
1274704 
1274708 
1274708 
1274744 
1274744 
1274744 
1274752 
1274756 
1274772 
1274776 
1274792 
1274816 
1274816 
1274820 
1274820 
1274836 
1274840 
1274844 
1274852 
1274876 
1274884 
1274888 
1274916 
1274932 
1274940 
1274940 
1274948 
1274948 
1274952 
1274960 
1274960 
1274960 
1274968 
1274968 
1274984 
1274988 
1274988 
1275008 
1275024 
1275024 
1275048 
1275052 
1275064 
1275068 
1275068 
1275096 
1275100 
1275104 
1275112 
1275144 
1275156 
1275156 
1275160 
1275180 
1275184 
1275184 
1275188 
1275204 
1275208 
1275220 
1275236 
1275244 
1275244 
1275268 
1275276 
1275276 
1275276 
1275284 
1275288 
1275296 
1275300 
1275308 
1275316 
1275328 
1275328 
1275332 
1275340 
1275348 
1275360 
1275368 
1275376 
1275380 
1275380 
1275384 
1275384 
1275408 
1275416 
1275440 
1275456 
1275464 
1275468 
1275472 
1275476 
1275488 
1275492 
1275492 
1275504 
1275508 
1275508 
1275512 
1275512 
1275524 
1275532 
1275540 
1275548 
1275548 
1275564 
1275568 
1275572 
1275580 
1275592 
1275644 
1275644 
1275648 
1275656 
1275660 
1275664 
1275680 
1275688 
1275692 
1275724 
1275724 
1275752 
1275772 
1275784 
1275792 
1275820 
1275828 
1275848 
1275872 
1275876 
1275904 
1275920 
1275932 
1275936 
1275944 
1275948 
1275968 
1275976 
1275976 
1275976 
1275984 
1275988 
1276004 
1276012 
1276012 
1276016 
1276028 
1276048 
1276052 
1276100 
1276104 
1276104 
1276120 
1276148 
1276168 
1276180 
1276184 
1276188 
1276192 
1276196 
1276196 
1276208 
1276212 
1276220 
1276244 
1276252 
1276276 
1276280 
1276288 
1276296 
1276304 
1276316 
1276324 
1276344 
1276368 
1276380 
1276380 
1276384 
1276388 
1276404 
1276408 
1276416 
1276424 
1276424 
1276432 
1276464 
1276496 
1276496 
1276500 
1276500 
1276504 
1276516 
1276524 
1276588 
1276592 
1276604 
1276608 
1276616 
1276616 
1276628 
1276644 
1276668 
1276672 
1276672 
1276680 
1276684 
1276688 
1276688 
1276696 
1276708 
1276712 
1276724 
1276732 
1276760 
1276768 
1276788 
1276804 
1276816 
1276828 
1276828 
1276832 
1276832 
1276848 
1276848 
1276848 
1276872 
1276872 
1276872 
1276876 
1276888 
1276896 
1276896 
1276900 
1276904 
1276920 
1276920 
1276924 
1276944 
1276948 
1276960 
1276968 
1276984 
1276984 
1277024 
1277028 
1277032 
1277048 
1277048 
1277048 
1277052 
1277052 
1277064 
1277068 
1277080 
1277100 
1277132 
1277144 
1277148 
1277148 
1277152 
1277160 
1277168 
1277180 
1277200 
1277208 
1277208 
1277212 
1277216 
1277224 
1277236 
1277240 
1277244 
1277244 
1277252 
1277256 
1277264 
1277268 
1277268 
1277276 
1277284 
1277288 
1277296 
1277316 
1277316 
1277320 
1277320 
1277320 
1277324 
1277336 
1277352 
1277364 
1277380 
1277384 
1277388 
1277392 
1277396 
1277404 
1277408 
1277408 
1277412 
1277412 
1277420 
1277428 
1277436 
1277444 
1277448 
1277452 
1277452 
1277464 
1277464 
1277468 
1277480 
1277484 
1277484 
1277488 
1277492 
1277492 
1277500 
1277504 
1277504 
1277508 
1277532 
1277532 
1277536 
1277548 
1277556 
1277560 
1277564 
1277572 
1277588 
1277592 
1277596 
1277604 
1277612 
1277616 
1277620 
1277624 
1277632 
1277632 
1277636 
1277640 
1277648 
1277652 
1277668 
1277676 
1277688 
1277696 
1277696 
1277704 
1277712 
1277724 
1277732 
1277736 
1277744 
1277744 
1277744 
1277764 
1277768 
1277772 
1277772 
1277772 
1277780 
1277784 
1277788 
1277788 
1277792 
1277796 
1277804 
1277808 
1277812 
1277816 
1277820 
1277828 
1277832 
1277840 
1277852 
1277856 
1277856 
1277860 
1277860 
1277860 
1277864 
1277868 
1277876 
1277888 
1277892 
1277900 
1277900 
1277904 
1277904 
1277908 
1277912 
1277920 
1277932 
1277944 
1277952 
1277956 
1277964 
1277968 
1277976 
1277976 
1277976 
1277984 
1277984 
1278000 
1278016 
1278024 
1278028 
1278032 
1278048 
1278056 
1278060 
1278064 
1278072 
1278084 
1278092 
1278100 
1278104 
1278104 
1278104 
1278116 
1278120 
1278140 
1278152 
1278168 
1278172 
1278172 
1278176 
1278184 
1278192 
1278196 
1278196 
1278200 
1278204 
1278212 
1278212 
1278228 
1278240 
1278252 
1278252 
1278260 
1278268 
1278272 
1278276 
1278296 
1278300 
1278308 
1278324 
1278328 
1278340 
1278344 
1278348 
1278348 
1278352 
1278352 
1278356 
1278360 
1278372 
1278376 
1278376 
1278384 
1278392 
1278400 
1278404 
1278412 
1278416 
1278420 
1278424 
1278432 
1278436 
1278440 
1278448 
1278456 
1278460 
1278472 
1278480 
1278484 
1278504 
1278508 
1278516 
1278536 
1278540 
1278548 
1278552 
1278552 
1278556 
1278556 
1278560 
1278576 
1278584 
1278600 
1278612 
1278612 
1278612 
1278632 
1278632 
1278632 
1278644 
1278648 
1278664 
1278664 
1278672 
1278676 
1278680 
1278688 
1278688 
1278692 
1278696 
1278696 
1278696 
1278708 
1278724 
1278748 
1278748 
1278760 
1278764 
1278772 
1278780 
1278780 
1278792 
1278796 
1278796 
1278804 
1278804 
1278816 
1278820 
1278820 
1278828 
1278828 
1278828 
1278832 
1278840 
1278844 
1278852 
1278852 
1278852 
1278860 
1278868 
1278868 
1278872 
1278872 
1278872 
1278880 
1278880 
1278900 
1278904 
1278928 
1278932 
1278972 
1278976 
1278992 
1279000 
1279008 
1279008 
1279016 
1279016 
1279020 
1279036 
1279044 
1279044 
1279044 
1279056 
1279064 
1279064 
1279068 
1279072 
1279072 
1279076 
1279076 
1279080 
1279088 
1279096 
1279100 
1279100 
1279108 
1279116 
1279124 
1279136 
1279140 
1279156 
1279168 
1279168 
1279168 
1279172 
1279176 
1279180 
1279184 
1279192 
1279200 
1279204 
1279208 
1279212 
1279216 
1279236 
1279244 
1279244 
1279248 
1279260 
1279260 
1279264 
1279264 
1279264 
1279276 
1279276 
1279284 
1279284 
1279288 
1279296 
1279304 
1279308 
1279312 
1279320 
1279320 
1279332 
1279344 
1279368 
1279372 
1279372 
1279376 
1279376 
1279388 
1279396 
1279396 
1279404 
1279412 
1279420 
1279428 
1279436 
1279436 
1279436 
1279440 
1279452 
1279456 
1279472 
1279476 
1279480 
1279480 
1279484 
1279492 
1279492 
1279500 
1279504 
1279512 
1279512 
1279516 
1279524 
1279528 
1279528 
1279528 
1279540 
1279544 
1279544 
1279552 
1279560 
1279564 
1279568 
1279572 
1279580 
1279580 
1279580 
1279596 
1279600 
1279604 
1279612 
1279612 
1279624 
1279628 
1279632 
1279632 
1279636 
1279644 
1279648 
1279656 
1279668 
1279672 
1279696 
1279708 
1279708 
1279712 
1279720 
1279724 
1279724 
1279728 
1279728 
1279728 
1279732 
1279736 
1279736 
1279736 
1279740 
1279744 
1279744 
1279748 
1279760 
1279764 
1279764 
1279768 
1279772 
1279772 
1279776 
1279788 
1279796 
1279796 
1279808 
1279812 
1279816 
1279820 
1279828 
1279840 
1279844 
1279848 
1279852 
1279856 
1279860 
1279860 
1279868 
1279868 
1279872 
1279876 
1279876 
1279884 
1279884 
1279896 
1279904 
1279904 
1279908 
1279916 
1279920 
1279932 
1279932 
1279944 
1279952 
1279964 
1279968 
1279968 
1279976 
1279980 
1279984 
1279992 
1279996 
1280000 
1280004 
1280016 
1280016 
1280024 
1280024 
1280028 
1280032 
1280040 
1280040 
1280048 
1280048 
1280072 
1280084 
1280088 
1280088 
1280092 
1280092 
1280096 
1280096 
1280100 
1280104 
1280116 
1280116 
1280116 
1280120 
1280128 
1280128 
1280128 
1280132 
1280144 
1280148 
1280148 
1280148 
1280148 
1280156 
1280160 
1280160 
1280164 
1280164 
1280168 
1280172 
1280176 
1280196 
1280200 
1280200 
1280212 
1280220 
1280220 
1280220 
1280228 
1280236 
1280244 
1280248 
1280256 
1280272 
1280288 
1280296 
1280296 
1280312 
1280312 
1280312 
1280316 
1280332 
1280340 
1280340 
1280344 
1280344 
1280352 
1280352 
1280352 
1280352 
1280352 
1280352 
1280356 
1280368 
1280372 
1280380 
1280388 
1280392 
1280396 
1280400 
1280404 
1280416 
1280420 
1280420 
1280420 
1280432 
1280436 
1280448 
1280452 
1280452 
1280456 
1280464 
1280480 
1280484 
1280484 
1280496 
1280500 
1280512 
1280512 
1280516 
1280516 
1280528 
1280540 
1280548 
1280572 
1280572 
1280576 
1280580 
1280584 
1280592 
1280592 
1280600 
1280600 
1280612 
1280616 
1280620 
1280620 
1280620 
1280620 
1280620 
1280624 
1280624 
1280624 
1280628 
1280636 
1280640 
1280672 
1280676 
1280680 
1280680 
1280684 
1280688 
1280692 
1280704 
1280704 
1280720 
1280724 
1280728 
1280728 
1280732 
1280748 
1280748 
1280756 
1280756 
1280756 
1280756 
1280756 
1280772 
1280772 
1280788 
1280792 
1280804 
1280804 
1280824 
1280832 
1280836 
1280844 
1280848 
1280848 
1280848 
1280852 
1280852 
1280856 
1280860 
1280864 
1280872 
1280880 
1280880 
1280884 
1280884 
1280892 
1280900 
1280912 
1280928 
1280928 
1280932 
1280944 
1280944 
1280952 
1280956 
1280956 
1280956 
1280956 
1280956 
1280968 
1280968 
1280968 
1280976 
1280976 
1280984 
1280996 
1280996 
1280996 
1281000 
1281004 
1281012 
1281016 
1281020 
1281032 
1281032 
1281032 
1281036 
1281040 
1281044 
1281044 
1281044 
1281044 
1281048 
1281048 
1281068 
1281068 
1281072 
1281080 
1281092 
1281092 
1281096 
1281100 
1281100 
1281104 
1281108 
1281108 
1281108 
1281112 
1281116 
1281124 
1281128 
1281132 
1281136 
1281136 
1281136 
1281140 
1281148 
1281160 
1281160 
1281180 
1281184 
1281196 
1281196 
1281200 
1281204 
1281208 
1281212 
1281212 
1281216 
1281220 
1281228 
1281232 
1281236 
1281236 
1281240 
1281248 
1281256 
1281256 
1281264 
1281272 
1281284 
1281288 
1281288 
1281292 
1281300 
1281308 
1281312 
1281312 
1281320 
1281324 
1281336 
1281344 
1281348 
1281352 
1281356 
1281368 
1281368 
1281372 
1281376 
1281380 
1281388 
1281388 
1281392 
1281392 
1281392 
1281392 
1281400 
1281400 
1281408 
1281408 
1281412 
1281416 
1281420 
1281424 
1281428 
1281432 
1281432 
1281448 
1281448 
1281460 
1281460 
1281464 
1281468 
1281472 
1281480 
1281488 
1281488 
1281492 
1281496 
1281500 
1281500 
1281504 
1281508 
1281512 
1281516 
1281520 
1281520 
1281520 
1281528 
1281528 
1281536 
1281540 
1281540 
1281544 
1281556 
1281560 
1281568 
1281568 
1281572 
1281580 
1281592 
1281592 
1281596 
1281604 
1281608 
1281608 
1281616 
1281620 
1281628 
1281632 
1281652 
1281656 
1281660 
1281660 
1281660 
1281672 
1281676 
1281680 
1281680 
1281692 
1281700 
1281708 
1281708 
1281724 
1281728 
1281732 
1281732 
1281748 
1281752 
1281756 
1281756 
1281756 
1281760 
1281776 
1281776 
1281784 
1281784 
1281804 
1281808 
1281808 
1281812 
1281812 
1281816 
1281816 
1281816 
1281820 
1281824 
1281828 
1281836 
1281840 
1281840 
1281844 
1281844 
1281848 
1281852 
1281852 
1281864 
1281884 
1281884 
1281912 
1281912 
1281916 
1281916 
1281920 
1281924 
1281928 
1281940 
1281944 
1281960 
1281964 
1281968 
1281972 
1281976 
1281980 
1281984 
1281988 
1281996 
1282000 
1282004 
1282004 
1282016 
1282028 
1282040 
1282052 
1282052 
1282052 
1282056 
1282064 
1282064 
1282072 
1282080 
1282084 
1282088 
1282088 
1282088 
1282096 
1282096 
1282096 
1282096 
1282096 
1282100 
1282104 
1282108 
1282112 
1282116 
1282120 
1282124 
1282132 
1282148 
1282148 
1282160 
1282168 
1282172 
1282176 
1282188 
1282192 
1282200 
1282208 
1282212 
1282212 
1282220 
1282232 
1282236 
1282240 
1282244 
1282248 
1282252 
1282256 
1282260 
1282264 
1282264 
1282276 
1282276 
1282280 
1282280 
1282288 
1282288 
1282288 
1282292 
1282300 
1282308 
1282312 
1282316 
1282320 
1282328 
1282336 
1282336 
1282344 
1282344 
1282352 
1282352 
1282356 
1282356 
1282364 
1282364 
1282368 
1282376 
1282380 
1282384 
1282396 
1282400 
1282400 
1282404 
1282412 
1282416 
1282420 
1282424 
1282428 
1282432 
1282436 
1282444 
1282448 
1282452 
1282460 
1282460 
1282460 
1282468 
1282472 
1282472 
1282476 
1282484 
1282484 
1282484 
1282488 
1282488 
1282488 
1282492 
1282500 
1282504 
1282504 
1282512 
1282516 
1282524 
1282524 
1282524 
1282528 
1282528 
1282532 
1282532 
1282536 
1282556 
1282564 
1282564 
1282568 
1282576 
1282576 
1282584 
1282584 
1282588 
1282588 
1282592 
1282592 
1282596 
1282604 
1282612 
1282612 
1282612 
1282632 
1282636 
1282640 
1282652 
1282652 
1282656 
1282656 
1282660 
1282668 
1282672 
1282676 
1282680 
1282680 
1282684 
1282684 
1282684 
1282684 
1282692 
1282696 
1282700 
1282704 
1282708 
1282708 
1282712 
1282728 
1282728 
1282728 
1282732 
1282744 
1282756 
1282756 
1282760 
1282760 
1282760 
1282772 
1282776 
1282776 
1282784 
1282784 
1282788 
1282788 
1282796 
1282800 
1282804 
1282812 
1282812 
1282816 
1282820 
1282820 
1282824 
1282824 
1282828 
1282828 
1282828 
1282832 
1282832 
1282832 
1282832 
1282836 
1282840 
1282848 
1282852 
1282856 
1282856 
1282860 
1282860 
1282860 
1282860 
1282868 
1282872 
1282872 
1282876 
1282884 
1282892 
1282892 
1282892 
1282892 
1282892 
1282896 
1282896 
1282900 
1282904 
1282908 
1282912 
1282912 
1282912 
1282912 
1282924 
1282932 
1282936 
1282936 
1282940 
1282940 
1282948 
1282964 
1282964 
1282964 
1282976 
1282976 
1282980 
1282996 
1283012 
1283016 
1283020 
1283024 
1283024 
1283024 
1283024 
1283028 
1283032 
1283036 
1283036 
1283040 
1283044 
1283048 
1283056 
1283060 
1283064 
1283068 
1283072 
1283072 
1283072 
1283080 
1283080 
1283084 
1283088 
1283088 
1283088 
1283092 
1283100 
1283104 
1283128 
1283128 
1283128 
1283136 
1283136 
1283144 
1283144 
1283148 
1283152 
1283164 
1283168 
1283172 
1283176 
1283176 
1283184 
1283200 
1283204 
1283204 
1283216 
1283224 
1283228 
1283232 
1283232 
1283232 
1283240 
1283252 
1283252 
1283252 
1283260 
1283260 
1283268 
1283268 
1283268 
1283272 
1283276 
1283284 
1283284 
1283288 
1283300 
1283300 
1283300 
1283312 
1283316 
1283328 
1283332 
1283336 
1283344 
1283344 
1283348 
1283348 
1283352 
1283356 
1283360 
1283360 
1283368 
1283368 
1283380 
1283384 
1283388 
1283388 
1283388 
1283392 
1283396 
1283396 
1283396 
1283396 
1283400 
1283400 
1283404 
1283404 
1283404 
1283416 
1283416 
1283416 
1283420 
1283424 
1283424 
1283432 
1283436 
1283448 
1283448 
1283460 
1283460 
1283468 
1283468 
1283468 
1283472 
1283476 
1283476 
1283480 
1283492 
1283508 
1283508 
1283508 
1283508 
1283516 
1283516 
1283520 
1283520 
1283528 
1283528 
1283528 
1283532 
1283532 
1283548 
1283552 
1283556 
1283564 
1283568 
1283576 
1283576 
1283580 
1283584 
1283604 
1283612 
1283612 
1283616 
1283616 
1283616 
1283616 
1283616 
1283624 
1283624 
1283624 
1283636 
1283636 
1283644 
1283656 
1283656 
1283660 
1283660 
1283672 
1283676 
1283684 
1283684 
1283692 
1283692 
1283696 
1283700 
1283704 
1283704 
1283708 
1283728 
1283744 
1283744 
1283748 
1283748 
1283756 
1283756 
1283772 
1283772 
1283788 
1283792 
1283796 
1283796 
1283800 
1283804 
1283804 
1283808 
1283808 
1283808 
1283808 
1283812 
1283812 
1283816 
1283824 
1283824 
1283836 
1283836 
1283840 
1283840 
1283844 
1283844 
1283856 
1283856 
1283860 
1283860 
1283864 
1283864 
1283868 
1283868 
1283892 
1283896 
1283896 
1283896 
1283920 
1283932 
1283932 
1283940 
1283940 
1283940 
1283948 
1283952 
1283960 
1283964 
1283976 
1283980 
1283984 
1283992 
1283996 
1284004 
1284012 
1284012 
1284016 
1284020 
1284020 
1284024 
1284024 
1284028 
1284032 
1284036 
1284044 
1284048 
1284056 
1284056 
1284056 
1284056 
1284060 
1284072 
1284072 
1284072 
1284088 
1284088 
1284092 
1284092 
1284092 
1284100 
1284116 
1284124 
1284128 
1284132 
1284132 
1284136 
1284140 
1284144 
1284144 
1284152 
1284160 
1284160 
1284164 
1284164 
1284168 
1284180 
1284180 
1284184 
1284188 
1284192 
1284196 
1284196 
1284196 
1284204 
1284212 
1284216 
1284220 
1284228 
1284232 
1284232 
1284232 
1284248 
1284252 
1284252 
1284256 
1284260 
1284264 
1284264 
1284268 
1284272 
1284272 
1284280 
1284284 
1284284 
1284300 
1284300 
1284304 
1284312 
1284316 
1284316 
1284320 
1284320 
1284324 
1284328 
1284336 
1284336 
1284340 
1284344 
1284348 
1284352 
1284352 
1284376 
1284380 
1284384 
1284384 
1284384 
1284388 
1284400 
1284400 
1284404 
1284404 
1284408 
1284412 
1284412 
1284416 
1284428 
1284428 
1284432 
1284436 
1284444 
1284444 
1284452 
1284456 
1284472 
1284484 
1284484 
1284488 
1284492 
1284496 
1284500 
1284504 
1284512 
1284528 
1284536 
1284544 
1284544 
1284544 
1284548 
1284548 
1284548 
1284552 
1284556 
1284564 
1284568 
1284572 
1284572 
1284580 
1284584 
1284584 
1284596 
1284596 
1284604 
1284616 
1284620 
1284628 
1284632 
1284632 
1284632 
1284640 
1284648 
1284652 
1284652 
1284660 
1284660 
1284668 
1284684 
1284684 
1284688 
1284688 
1284688 
1284712 
1284716 
1284716 
1284720 
1284728 
1284732 
1284736 
1284752 
1284752 
1284752 
1284756 
1284756 
1284768 
1284768 
1284784 
1284784 
1284792 
1284800 
1284808 
1284812 
1284816 
1284816 
1284816 
1284828 
1284832 
1284832 
1284832 
1284836 
1284836 
1284840 
1284852 
1284852 
1284856 
1284872 
1284876 
1284880 
1284888 
1284888 
1284888 
1284896 
1284904 
1284908 
1284912 
1284916 
1284928 
1284936 
1284944 
1284948 
1284956 
1284960 
1284960 
1284976 
1284980 
1284988 
1284992 
1285012 
1285016 
1285032 
1285032 
1285036 
1285040 
1285052 
1285052 
1285056 
1285064 
1285064 
1285068 
1285072 
1285072 
1285076 
1285084 
1285104 
1285108 
1285112 
1285112 
1285116 
1285120 
1285120 
1285120 
1285120 
1285124 
1285124 
1285124 
1285140 
1285144 
1285144 
1285148 
1285148 
1285160 
1285168 
1285172 
1285176 
1285188 
1285192 
1285200 
1285208 
1285208 
1285212 
1285220 
1285224 
1285228 
1285228 
1285232 
1285240 
1285244 
1285244 
1285248 
1285252 
1285260 
1285268 
1285272 
1285284 
1285284 
1285284 
1285284 
1285288 
1285300 
1285300 
1285300 
1285312 
1285316 
1285316 
1285324 
1285328 
1285328 
1285340 
1285344 
1285344 
1285348 
1285356 
1285368 
1285368 
1285368 
1285372 
1285376 
1285388 
1285392 
1285396 
1285396 
1285396 
1285408 
1285412 
1285416 
1285428 
1285428 
1285432 
1285432 
1285440 
1285444 
1285472 
1285472 
1285476 
1285492 
1285492 
1285492 
1285508 
1285508 
1285512 
1285516 
1285524 
1285536 
1285540 
1285544 
1285544 
1285544 
1285548 
1285552 
1285556 
1285556 
1285556 
1285560 
1285560 
1285564 
1285576 
1285600 
1285612 
1285620 
1285620 
1285624 
1285628 
1285632 
1285636 
1285636 
1285644 
1285644 
1285644 
1285656 
1285664 
1285668 
1285668 
1285668 
1285672 
1285692 
1285692 
1285704 
1285704 
1285708 
1285712 
1285712 
1285716 
1285724 
1285724 
1285744 
1285756 
1285760 
1285768 
1285772 
1285780 
1285792 
1285792 
1285796 
1285812 
1285824 
1285828 
1285832 
1285832 
1285836 
1285840 
1285844 
1285844 
1285848 
1285856 
1285888 
1285892 
1285900 
1285904 
1285908 
1285912 
1285920 
1285928 
1285932 
1285936 
1285940 
1285944 
1285948 
1285968 
1285972 
1285980 
1285984 
1285984 
1285988 
1285992 
1285992 
1285992 
1285996 
1286004 
1286008 
1286024 
1286024 
1286028 
1286032 
1286036 
1286036 
1286044 
1286048 
1286056 
1286056 
1286068 
1286084 
1286092 
1286096 
1286100 
1286100 
1286100 
1286108 
1286112 
1286112 
1286116 
1286116 
1286124 
1286128 
1286140 
1286144 
1286156 
1286156 
1286164 
1286168 
1286184 
1286188 
1286192 
1286208 
1286208 
1286212 
1286220 
1286220 
1286224 
1286240 
1286244 
1286256 
1286256 
1286260 
1286260 
1286264 
1286272 
1286276 
1286280 
1286292 
1286296 
1286300 
1286320 
1286320 
1286324 
1286328 
1286328 
1286336 
1286336 
1286340 
1286348 
1286356 
1286384 
1286388 
1286396 
1286396 
1286400 
1286408 
1286412 
1286416 
1286428 
1286432 
1286432 
1286440 
1286456 
1286456 
1286460 
1286460 
1286464 
1286468 
1286480 
1286484 
1286488 
1286500 
1286504 
1286508 
1286524 
1286532 
1286532 
1286544 
1286552 
1286560 
1286560 
1286564 
1286576 
1286580 
1286588 
1286588 
1286596 
1286604 
1286608 
1286628 
1286636 
1286652 
1286668 
1286704 
1286704 
1286712 
1286712 
1286712 
1286712 
1286736 
1286744 
1286744 
1286744 
1286756 
1286756 
1286760 
1286768 
1286784 
1286788 
1286796 
1286800 
1286808 
1286808 
1286816 
1286816 
1286820 
1286824 
1286832 
1286836 
1286844 
1286844 
1286848 
1286856 
1286860 
1286860 
1286864 
1286864 
1286864 
1286864 
1286868 
1286872 
1286888 
1286900 
1286912 
1286920 
1286932 
1286932 
1286936 
1286944 
1286944 
1286944 
1286944 
1286952 
1286968 
1286992 
1286992 
1287012 
1287020 
1287020 
1287028 
1287028 
1287036 
1287044 
1287048 
1287056 
1287072 
1287088 
1287092 
1287104 
1287112 
1287116 
1287120 
1287136 
1287136 
1287136 
1287148 
1287148 
1287156 
1287156 
1287160 
1287168 
1287168 
1287172 
1287188 
1287188 
1287192 
1287196 
1287200 
1287224 
1287224 
1287228 
1287232 
1287236 
1287236 
1287240 
1287244 
1287256 
1287256 
1287256 
1287256 
1287260 
1287280 
1287296 
1287296 
1287296 
1287296 
1287300 
1287308 
1287312 
1287324 
1287332 
1287340 
1287344 
1287344 
1287344 
1287348 
1287360 
1287364 
1287368 
1287372 
1287384 
1287384 
1287388 
1287388 
1287392 
1287392 
1287400 
1287408 
1287412 
1287416 
1287416 
1287420 
1287444 
1287448 
1287452 
1287456 
1287456 
1287460 
1287468 
1287468 
1287476 
1287476 
1287476 
1287480 
1287484 
1287484 
1287496 
1287520 
1287524 
1287532 
1287536 
1287544 
1287556 
1287580 
1287604 
1287608 
1287616 
1287616 
1287632 
1287636 
1287660 
1287668 
1287668 
1287668 
1287668 
1287672 
1287676 
1287680 
1287680 
1287688 
1287688 
1287692 
1287708 
1287712 
1287712 
1287716 
1287720 
1287724 
1287732 
1287732 
1287736 
1287740 
1287744 
1287748 
1287756 
1287760 
1287760 
1287764 
1287764 
1287768 
1287780 
1287792 
1287796 
1287800 
1287808 
1287808 
1287816 
1287820 
1287820 
1287820 
1287824 
1287828 
1287836 
1287836 
1287840 
1287844 
1287852 
1287852 
1287856 
1287856 
1287868 
1287876 
1287884 
1287888 
1287888 
1287896 
1287912 
1287912 
1287916 
1287920 
1287928 
1287936 
1287944 
1287948 
1287956 
1287988 
1287988 
1287996 
1288004 
1288020 
1288024 
1288024 
1288028 
1288032 
1288032 
1288036 
1288048 
1288048 
1288060 
1288064 
1288068 
1288072 
1288084 
1288092 
1288116 
1288116 
1288136 
1288152 
1288164 
1288192 
1288208 
1288216 
1288220 
1288228 
1288228 
1288232 
1288240 
1288244 
1288252 
1288260 
1288272 
1288284 
1288284 
1288292 
1288292 
1288296 
1288300 
1288300 
1288312 
1288312 
1288316 
1288324 
1288336 
1288340 
1288340 
1288340 
1288360 
1288376 
1288376 
1288380 
1288384 
1288392 
1288392 
1288400 
1288400 
1288408 
1288412 
1288412 
1288412 
1288416 
1288420 
1288432 
1288436 
1288444 
1288448 
1288452 
1288464 
1288468 
1288468 
1288472 
1288476 
1288484 
1288488 
1288500 
1288508 
1288520 
1288520 
1288520 
1288524 
1288548 
1288552 
1288560 
1288564 
1288576 
1288576 
1288596 
1288612 
1288612 
1288616 
1288644 
1288644 
1288644 
1288652 
1288692 
1288696 
1288700 
1288700 
1288712 
1288712 
1288720 
1288724 
1288732 
1288732 
1288744 
1288752 
1288760 
1288768 
1288772 
1288780 
1288788 
1288804 
1288808 
1288812 
1288832 
1288836 
1288836 
1288840 
1288844 
1288848 
1288856 
1288864 
1288864 
1288868 
1288872 
1288880 
1288884 
1288908 
1288908 
1288920 
1288920 
1288924 
1288928 
1288928 
1288932 
1288936 
1288972 
1288972 
1288980 
1288980 
1288984 
1289032 
1289044 
1289048 
1289052 
1289064 
1289064 
1289068 
1289076 
1289080 
1289084 
1289104 
1289112 
1289116 
1289132 
1289144 
1289144 
1289148 
1289180 
1289192 
1289192 
1289200 
1289204 
1289204 
1289224 
1289240 
1289244 
1289252 
1289260 
1289272 
1289280 
1289292 
1289292 
1289292 
1289308 
1289312 
1289320 
1289348 
1289356 
1289356 
1289380 
1289384 
1289384 
1289388 
1289388 
1289392 
1289404 
1289404 
1289404 
1289432 
1289432 
1289444 
1289448 
1289448 
1289448 
1289464 
1289464 
1289492 
1289492 
1289500 
1289504 
1289508 
1289516 
1289520 
1289520 
1289520 
1289556 
1289564 
1289564 
1289564 
1289572 
1289592 
1289596 
1289620 
1289632 
1289636 
1289636 
1289640 
1289644 
1289656 
1289656 
1289664 
1289664 
1289672 
1289688 
1289688 
1289696 
1289716 
1289724 
1289732 
1289732 
1289736 
1289740 
1289764 
1289784 
1289792 
1289800 
1289800 
1289812 
1289844 
1289852 
1289884 
1289896 
1289896 
1289896 
1289904 
1289908 
1289912 
1289920 
1289940 
1289952 
1289976 
1289980 
1289980 
1289996 
1290004 
1290012 
1290032 
1290048 
1290072 
1290072 
1290072 
1290076 
1290096 
1290104 
1290116 
1290148 
1290152 
1290172 
1290184 
1290184 
1290196 
1290196 
1290200 
1290200 
1290204 
1290204 
1290228 
1290260 
1290276 
1290300 
1290304 
1290308 
1290308 
1290336 
1290348 
1290356 
1290360 
1290380 
1290380 
1290384 
1290392 
1290400 
1290400 
1290400 
1290416 
1290428 
1290440 
1290464 
1290464 
1290472 
1290492 
1290496 
1290520 
1290520 
1290528 
1290536 
1290556 
1290556 
1290572 
1290576 
1290576 
1290580 
1290604 
1290608 
1290640 
1290644 
1290644 
1290688 
1290692 
1290724 
1290728 
1290728 
1290744 
1290748 
1290756 
1290768 
1290776 
1290780 
1290784 
1290796 
1290796 
1290812 
1290824 
1290828 
1290840 
1290844 
1290848 
1290868 
1290872 
1290888 
1290888 
1290892 
1290892 
1290924 
1290936 
1290948 
1290948 
1290952 
1290952 
1290996 
1291000 
1291020 
1291028 
1291032 
1291032 
1291044 
1291044 
1291044 
1291052 
1291052 
1291060 
1291096 
1291104 
1291108 
1291112 
1291136 
1291144 
1291160 
1291164 
1291168 
1291184 
1291184 
1291188 
1291192 
1291220 
1291220 
1291228 
1291236 
1291240 
1291244 
1291260 
1291268 
1291268 
1291276 
1291276 
1291284 
1291300 
1291300 
1291312 
1291328 
1291328 
1291332 
1291360 
1291372 
1291388 
1291416 
1291416 
1291420 
1291444 
1291448 
1291448 
1291476 
1291484 
1291488 
1291492 
1291492 
1291492 
1291492 
1291500 
1291524 
1291524 
1291536 
1291536 
1291536 
1291544 
1291548 
1291548 
1291552 
1291552 
1291560 
1291564 
1291564 
1291612 
1291616 
1291664 
1291668 
1291676 
1291684 
1291700 
1291704 
1291732 
1291736 
1291736 
1291740 
1291744 
1291752 
1291752 
1291816 
1291816 
1291820 
1291828 
1291832 
1291848 
1291860 
1291868 
1291888 
1291892 
1291940 
1291948 
1291964 
1291988 
1291988 
1291992 
1292004 
1292012 
1292040 
1292060 
1292068 
1292072 
1292084 
1292100 
1292120 
1292128 
1292128 
1292128 
1292128 
1292132 
1292144 
1292144 
1292148 
1292172 
1292172 
1292176 
1292176 
1292184 
1292208 
1292212 
1292212 
1292260 
1292280 
1292284 
1292308 
1292328 
1292364 
1292392 
1292412 
1292432 
1292440 
1292448 
1292448 
1292452 
1292460 
1292468 
1292468 
1292472 
1292484 
1292492 
1292496 
1292496 
1292500 
1292536 
1292540 
1292552 
1292560 
1292560 
1292564 
1292584 
1292604 
1292604 
1292612 
1292624 
1292660 
1292684 
1292700 
1292732 
1292780 
1292780 
1292820 
1292824 
1292828 
1292832 
1292840 
1292852 
1292860 
1292888 
1292892 
1292912 
1292928 
1292936 
1292948 
1292964 
1292980 
1292984 
1292996 
1293000 
1293020 
1293028 
1293036 
1293048 
1293048 
1293076 
1293096 
1293112 
1293124 
1293140 
1293160 
1293160 
1293164 
1293172 
1293176 
1293196 
1293200 
1293260 
1293264 
1293272 
1293272 
1293284 
1293288 
1293292 
1293292 
1293328 
1293372 
1293396 
1293396 
1293404 
1293444 
1293452 
1293464 
1293468 
1293472 
1293484 
1293484 
1293508 
1293516 
1293516 
1293528 
1293540 
1293552 
1293612 
1293640 
1293692 
1293700 
1293704 
1293704 
1293708 
1293720 
1293748 
1293752 
1293760 
1293808 
1293816 
1293820 
1293836 
1293836 
1293860 
1293860 
1293872 
1293880 
1293880 
1293880 
1293884 
1293888 
1293900 
1293936 
1293940 
1293940 
1293956 
1293964 
1293984 
1293996 
1294012 
1294020 
1294032 
1294044 
1294044 
1294068 
1294084 
1294088 
1294104 
1294112 
1294116 
1294132 
1294136 
1294148 
1294176 
1294196 
1294196 
1294212 
1294212 
1294212 
1294224 
1294296 
1294324 
1294324 
1294324 
1294344 
1294348 
1294392 
1294416 
1294432 
1294436 
1294456 
1294492 
1294516 
1294516 
1294556 
1294560 
1294576 
1294588 
1294596 
1294616 
1294664 
1294672 
1294684 
1294700 
1294704 
1294716 
1294724 
1294724 
1294748 
1294808 
1294812 
1294816 
1294820 
1294844 
1294848 
1294872 
1294924 
1294940 
1294952 
1295004 
1295072 
1295136 
1295148 
1295164 
1295200 
1295204 
1295228 
1295228 
1295236 
1295248 
1295252 
1295264 
1295272 
1295280 
1295284 
1295288 
1295288 
1295296 
1295304 
1295316 
1295320 
1295324 
1295324 
1295328 
1295360 
1295384 
1295388 
1295416 
1295428 
1295452 
1295452 
1295472 
1295480 
1295512 
1295512 
1295516 
1295568 
1295604 
1295620 
1295620 
1295652 
1295664 
1295676 
1295720 
1295732 
1295752 
1295756 
1295772 
1295808 
1295812 
1295836 
1295836 
1295840 
1295840 
1295872 
1295892 
1295904 
1295916 
1295940 
1295968 
1295972 
1296004 
1296004 
1296040 
1296048 
1296068 
1296088 
1296088 
1296092 
1296104 
1296128 
1296128 
1296132 
1296196 
1296204 
1296208 
1296220 
1296232 
1296256 
1296272 
1296292 
1296324 
1296336 
1296376 
1296380 
1296380 
1296388 
1296392 
1296412 
1296456 
1296496 
1296516 
1296540 
1296548 
1296588 
1296632 
1296660 
1296660 
1296676 
1296692 
1296700 
1296748 
1296756 
1296760 
1296768 
1296804 
1296848 
1296876 
1296908 
1296932 
1296940 
1296984 
1297060 
1297068 
1297072 
1297116 
1297120 
1297124 
1297140 
1297140 
1297176 
1297176 
1297180 
1297248 
1297252 
1297260 
1297272 
1297272 
1297280 
1297300 
1297308 
1297340 
1297344 
1297360 
1297396 
1297400 
1297420 
1297436 
1297444 
1297476 
1297480 
1297508 
1297512 
1297516 
1297556 
1297568 
1297572 
1297624 
1297628 
1297632 
1297652 
1297680 
1297700 
1297760 
1297764 
1297772 
1297772 
1297784 
1297788 
1297804 
1297808 
1297824 
1297832 
1297872 
1297996 
1297996 
1298020 
1298040 
1298104 
1298104 
1298108 
1298140 
1298188 
1298248 
1298304 
1298308 
1298312 
1298364 
1298376 
1298408 
1298412 
1298452 
1298472 
1298472 
1298472 
1298480 
1298496 
1298496 
1298504 
1298520 
1298596 
1298604 
1298608 
1298632 
1298644 
1298660 
1298724 
1298752 
1298772 
1298816 
1298844 
1298936 
1298948 
1298968 
1299012 
1299028 
1299056 
1299096 
1299116 
1299132 
1299172 
1299196 
1299216 
1299216 
1299228 
1299248 
1299276 
1299304 
1299324 
1299360 
1299424 
1299476 
1299516 
1299544 
1299544 
1299568 
1299604 
1299612 
1299620 
1299672 
1299688 
1299732 
1299736 
1299736 
1299836 
1299876 
1299908 
1299924 
1299952 
1300028 
1300056 
1300092 
1300100 
1300120 
1300148 
1300148 
1300156 
1300168 
1300172 
1300220 
1300228 
1300272 
1300316 
1300340 
1300368 
1300372 
1300384 
1300408 
1300452 
1300460 
1300464 
1300476 
1300484 
1300496 
1300516 
1300532 
1300552 
1300560 
1300596 
1300596 
1300600 
1300624 
1300628 
1300700 
1300708 
1300744 
1300748 
1300796 
1300840 
1300844 
1300856 
1300992 
1301016 
1301020 
1301020 
1301040 
1301116 
1301132 
1301144 
1301164 
1301180 
1301200 
1301204 
1301276 
1301328 
1301360 
1301376 
1301388 
1301392 
1301392 
1301420 
1301436 
1301448 
1301448 
1301460 
1301524 
1301540 
1301552 
1301564 
1301584 
1301588 
1301604 
1301608 
1301608 
1301628 
1301660 
1301684 
1301700 
1301712 
1301716 
1301720 
1301724 
1301748 
1301752 
1301756 
1301800 
1301856 
1301912 
1301920 
1301960 
1301984 
1301988 
1301996 
1302076 
1302076 
1302088 
1302104 
1302108 
1302120 
1302160 
1302200 
1302208 
1302216 
1302228 
1302316 
1302324 
1302340 
1302344 
1302356 
1302388 
1302412 
1302436 
1302452 
1302456 
1302524 
1302564 
1302592 
1302624 
1302652 
1302672 
1302696 
1302708 
1302712 
1302740 
1302844 
1302868 
1302896 
1302900 
1303024 
1303064 
1303064 
1303104 
1303108 
1303156 
1303192 
1303268 
1303308 
1303328 
1303356 
1303420 
1303508 
1303592 
1303632 
1303664 
1303688 
1303712 
1303744 
1303792 
1303800 
1303836 
1303844 
1303872 
1304088 
1304096 
1304104 
1304136 
1304180 
1304236 
1304236 
1304256 
1304264 
1304268 
1304424 
1304616 
1304640 
1304652 
1304680 
1304680 
1304708 
1304764 
1304776 
1304796 
1304832 
1304840 
1304848 
1304860 
1304888 
1304940 
1304952 
1304968 
1305016 
1305024 
1305044 
1305160 
1305164 
1305208 
1305216 
1305236 
1305244 
1305260 
1305292 
1305352 
1305404 
1305404 
1305432 
1305436 
1305448 
1305448 
1305512 
1305516 
1305528 
1305552 
1305632 
1305664 
1305692 
1305696 
1305712 
1305720 
1305756 
1305788 
1305800 
1305800 
1305876 
1305892 
1305916 
1305920 
1305932 
1306040 
1306156 
1306172 
1306196 
1306244 
1306292 
1306304 
1306404 
1306464 
1306476 
1306516 
1306632 
1306660 
1306792 
1306804 
1306860 
1306868 
1306920 
1306972 
1307156 
1307160 
1307180 
1307192 
1307236 
1307248 
1307248 
1307272 
1307312 
1307352 
1307360 
1307404 
1307444 
1307464 
1307536 
1307584 
1307592 
1307636 
1307680 
1307684 
1307804 
1307844 
1308032 
1308096 
1308120 
1308208 
1308208 
1308272 
1308384 
1308392 
1308444 
1308452 
1308464 
1308464 
1308488 
1308560 
1308560 
1308588 
1308660 
1308664 
1308672 
1308760 
1308784 
1308808 
1308824 
1308860 
1308884 
1308884 
1308932 
1308976 
1309092 
1309112 
1309180 
1309244 
1309268 
1309300 
1309404 
1309408 
1309484 
1309592 
1309724 
1309760 
1309792 
1309888 
1309916 
1309948 
1309976 
1310084 
1310100 
1310140 
1310272 
1310316 
1310320 
1310332 
1310332 
1310388 
1310440 
1310444 
1310568 
1310584 
1310732 
1310732 
1310780 
1310784 
1310840 
1310884 
1311004 
1311132 
1311152 
1311204 
1311276 
1311284 
1311312 
1311388 
1311552 
1311568 
1311688 
1311708 
1311728 
1311900 
1311992 
1312076 
1312128 
1312188 
1312200 
1312216 
1312232 
1312360 
1312484 
1312516 
1312544 
1312572 
1312604 
1312616 
1312756 
1313004 
1313164 
1313280 
1313284 
1313420 
1313460 
1313524 
1313592 
1313728 
1314104 
1314156 
1314336 
1314348 
1314360 
1314412 
1314456 
1314496 
1314536 
1314624 
1314780 
1314792 
1314864 
1314876 
1314984 
1315100 
1315108 
1315152 
1315180 
1315228 
1315240 
1315244 
1315284 
1315452 
1315480 
1315484 
1315496 
1315532 
1315668 
1315708 
1315840 
1315896 
1315928 
1315936 
1315988 
1316048 
1316208 
1316260 
1316424 
1316436 
1316468 
1316488 
1316528 
1316600 
1316616 
1316692 
1316752 
1316756 
1316772 
1316824 
1316896 
1316940 
1317052 
1317072 
1317168 
1317248 
1317312 
1317380 
1317592 
1317696 
1317712 
1317712 
1317780 
1317864 
1317896 
1317908 
1317972 
1318420 
1318444 
1318464 
1318536 
1318632 
1318772 
1318892 
1318896 
1318968 
1319000 
1319296 
1319328 
1319596 
1319728 
1319756 
1319796 
1319964 
1320024 
1320284 
1320376 
1320628 
1320792 
1320824 
1321008 
1321144 
1321356 
1321548 
1321712 
1321820 
1321908 
1321940 
1321980 
1322116 
1322192 
1322472 
1322472 
1322684 
1322844 
1322900 
1323024 
1323032 
1323068 
1323112 
1323128 
1323344 
1323604 
1323656 
1323708 
1323804 
1323844 
1324124 
1324284 
1324296 
1324328 
1324660 
1324812 
1324848 
1325012 
1325472 
1325576 
1325800 
1326172 
1326196 
1326496 
1326592 
1326736 
1326760 
1326852 
1327316 
1327464 
1327656 
1327704 
1327832 
1328020 
1328140 
1328996 
1329272 
1329280 
1329632 
1329696 
1329924 
1330040 
1330108 
1330244 
1330284 
1330368 
1330612 
1330868 
1331208 
1331236 
1331268 
1331392 
1331488 
1331572 
1331720 
1331812 
1332032 
1332292 
1332340 
1332444 
1333064 
1333276 
1333444 
1333724 
1334232 
1334360 
1334712 
1334888 
1334936 
1335500 
1335980 
1336060 
1336824 
1337052 
1337172 
1337260 
1337772 
1338196 
1338404 
1338404 
1340180 
1340256 
1340504 
1340752 
1340832 
1341380 
1341804 
1342024 
1342152 
1342308 
1342892 
1343664 
1343840 
1343972 
1344336 
1344368 
1344872 
1345696 
1346288 
1347088 
1347388 
1347736 
1347976 
1348240 
1349208 
1350356 
1350916 
1351612 
1351696 
1352312 
1353536 
1353792 
1353792 
1353916 
1354752 
1355192 
1356732 
1357636 
1357724 
1358380 
1358468 
1360180 
1360416 
1361372 
1362036 
1362340 
1362568 
1362656 
1363256 
1363736 
1365088 
1365352 
1366680 
1366808 
1367296 
1369640 
1370336 
1370940 
1371004 
1371024 
1371508 
1371880 
1372800 
1373792 
1374032 
1376064 
1377968 
1378564 
1379520 
1380540 
1381268 
1382928 
1384672 
1384752 
1385028 
1385608 
1385928 
1386140 
1387072 
1389260 
1389568 
1390240 
1392016 
1392156 
1392936 
1397464 
1398552 
1399912 
1400108 
1401308 
1406612 
1408620 
1409644 
1411064 
1412224 
1415940 
1418116 
1418444 
1420024 
1420232 
1421124 
1425152 
1425664 
1426504 
1429124 
1429500 
1429988 
1430556 
1431460 
1432692 
1434844 
1438396 
1438668 
1440488 
1440972 
1441920 
1442076 
1442336 
1442784 
1443924 
1443948 
1444620 
1445444 
1446756 
1447164 
1447632 
1450468 
1450500 
1452132 
1452920 
1453056 
1453076 
1454988 
1455624 
1458084 
1458992 
1459192 
1461684 
1462400 
1463584 
1467336 
1467596 
1468248 
1468408 
1469376 
1470304 
1471764 
1472388 
1472964 
1473384 
1473680 
1473884 
1474132 
1474968 
1475672 
1476760 
1477912 
1478044 
1478632 
1479480 
1479876 
1480032 
1480332 
1480448 
1480596 
1481020 
1481108 
1481340 
1481804 
1482324 
1482464 
1482652 
1482872 
1483296 
1484160 
1484308 
1485856 
1486376 
1486484 
1486628 
1486868 
1487052 
1488524 
1488888 
1489060 
1489080 
1489120 
1489376 
1489908 
1489936 
1489948 
1490324 
1490400 
1490432 
1490724 
1490996 
1491244 
1491260 
1491576 
1491592 
1491816 
1492196 
1492220 
1492244 
1492640 
1493060 
1493136 
1493372 
1493380 
1493512 
1493512 
1494264 
1494400 
1494472 
1494816 
1495080 
1495340 
1495544 
1496012 
1496112 
1496232 
1496332 
1496416 
1496428 
1496652 
1496776 
1496840 
1496896 
1496904 
1496988 
1497004 
1497464 
1497920 
1498172 
1498284 
1498568 
1498628 
1499208 
1499272 
1499360 
1499372 
1499476 
1499588 
1499676 
1499936 
1499960 
1500280 
1500404 
1500624 
1500768 
1502012 
1502392 
1502652 
1503120 
1503196 
1503252 
1503424 
1503580 
1503868 
1503932 
1504184 
1504444 
1505024 
1505308 
1506248 
1506400 
1506512 
1506680 
1506776 
1508236 
1508988 
1509096 
1509236 
1509644 
1509984 
1510840 
1511476 
1512292 
1512432 
1513284 
1513964 
1516000 
1516020 
1516072 
1516084 
1516724 
1518188 
1518740 
1518776 
1519168 
1519264 
1519852 
1519872 
1520080 
1523900 
1524036 
1524704 
1527052 
1527928 
1528428 
1529940 
1530016 
1530312 
1530680 
1532720 
1534432 
1537804 
1545656 
1549432 
1550144 
1551012 
1553724 
1554160 
1554644 
1557804 
1563528 
1563732 
1568752 
1570780 
1570916 
1572944 
1573728 
1574348 
1574736 
1576020 
1577372 
1579208 
1580216 
1580772 
1584196 
1585352 
1587528 
1587700 
1587896 
1589996 
1590968 
1593792 
1597096 
1597408 
1598304 
1600832 
1601092 
1602232 
1604248 
1605020 
1607180 
1609436 
1609552 
1609964 
1612800 
1614652 
1614768 
1618060 
1621748 
1621964 
1623488 
1624280 
1625888 
1632160 
1633148 
1636236 
1640328 
1640728 
1642856 
1643232 
1643568 
1648360 
1649244 
1651092 
1651628 
1654788 
1655716 
1659448 
1660564 
1663144 
1666080 
1667360 
1668180 
1668752 
1670856 
1674408 
1674868 
1675176 
1675828 
1677500 
1678488 
1679660 
1679664 
1680948 
1682108 
1682696 
1684876 
1685108 
1686192 
1686360 
1686816 
1687744 
1688120 
1691208 
1695656 
1695916 
1699312 
1702920 
1705528 
1709348 
1709660 
1711472 
1712920 
1714240 
1715192 
1717616 
1719320 
1722960 
1724252 
1724584 
1728764 
1729820 
1741892 
1744592 
1745512 
1749220 
1753404 
1757300 
1757400 
1757644 
1758688 
1760652 
1760800 
1765232 
1766112 
1766856 
1766948 
1768640 
1780988 
1781180 
1784836 
1795572 
1798372 
1800664 
1803664 
1804116 
1806380 
1808532 
1825060 
1825812 
1834188 
1843272 
1843356 
1844312 
1846976 
1849940 
1850204 
1850344 
1850940 
1851460 
1851888 
1853744 
1854412 
1855228 
1857084 
1858628 
1859572 
1860676 
1861040 
1862180 
1862348 
1862416 
1862452 
1863560 
1865028 
1865588 
1865796 
1865920 
1866260 
1866592 
1867184 
1867228 
1867916 
1868320 
1868464 
1869356 
1869456 
1869760 
1870140 
1870208 
1870956 
1871516 
1871656 
1871696 
1872396 
1873624 
1874012 
1874036 
1874820 
1874884 
1875672 
1877632 
1877776 
1877812 
1877840 
1877888 
1878268 
1878732 
1879004 
1879176 
1879760 
1879804 
1880564 
1880872 
1880928 
1881936 
1882684 
1883268 
1883920 
1884500 
1885016 
1885568 
1885812 
1885940 
1886796 
1886984 
1887076 
1887456 
1887624 
1888892 
1889168 
1889304 
1889304 
1891300 
1892856 
1894132 
1894204 
1894212 
1895384 
1895516 
1897088 
1897720 
1899852 
1905312 
1908068 
1908388 
1912844 
1913076 
1915708 
1916516 
1919588 
1920112 
1921564 
1923892 
1932668 
1932748 
1938052 
1947860 
1948040 
1948272 
1952824 
1954472 
1957160 
1958968 
1962768 
1968724 
1973708 
1976468 
1985964 
1994812 
1994908 
1998816 
2021696 
2026932 
2035584 
2041180 
2042268 
2043244 
2047296 
2048536 
2049744 
2067484 
2071828 
2076004 
2086956 
2097904 
2101824 
2123724 
2135616 
2139104 
2150148 
2155620 
2162488 
2168400 
2170840 
2179108 
2204424 
2204932 
2210968 
2215816 
2225980 
2231356 
2243352 
2244224 
2255792 
2256628 
2259768 
2273144 
2274496 
2278240 
2293948 
2294264 
2303968 
2309092 
2311496 
2324848 
2324972 
2326372 
2326636 
2327304 
2329708 
2334120 
2335388 
2336152 
2337896 
2338328 
2343364 
2346696 
2347540 
2351584 
2353592 
2354040 
2355204 
2361328 
2363160 
2363200 
2365280 
2366344 
2368464 
2369456 
2369648 
2371132 
2371692 
2372648 
2381740 
2381956 
2387252 
2389308 
2398528 
2401336 
2402136 
2403780 
2406292 
2406536 
2411156 
2414864 
2415584 
2415888 
2417420 
2420748 
2422100 
2431864 
2437748 
2450648 
2454564 
2462992 
2465768 
2470340 
2477448 
2477644 
2489012 
2491300 
2496240 
2497352 
2497976 
2506580 
2508592 
2512016 
2515616 
2520972 
2525996 
2533916 
2541840 
2542604 
2546004 
2546412 
2549116 
2550928 
2553288 
2553572 
2556400 
2557336 
2558196 
2559412 
2561272 
2564696 
2564976 
2565108 
2565504 
2565740 
2566756 
2567224 
2567620 
2569760 
2579188 
2587812 
2588936 
2588972 
2589880 
2598852 
2600948 
2604480 
2619164 
2619984 
2621232 
2635828 
2639124 
2647508 
2651912 
2653552 
2653900 
2659956 
2664440 
2668188 
2673544 
2679852 
2681576 
2686224 
2697440 
2698844 
2708316 
2712084 
2714412 
2721360 
2721840 
2723760 
2725228 
2726148 
2726876 
2730400 
2730984 
2734916 
2738948 
2743408 
2745792 
2747764 
2755724 
2757588 
2761444 
2773876 
2776488 
2780212 
2784900 
2785500 
2785640 
2788608 
2802328 
2803852 
2810724 
2816764 
2818600 
2824976 
2825832 
2826084 
2827596 
2832032 
2838540 
2853584 
2858928 
2870108 
2878492 
2882668 
2886272 
2887184 
2894112 
2899344 
2906204 
2907036 
2915088 
2916404 
2929860 
2930828 
2936480 
2941240 
2946024 
2950212 
2954444 
2956584 
2964084 
2965516 
2966236 
2968276 
2978344 
2984268 
2990844 
2990996 
2995344 
3002156 
3003996 
3010436 
3018668 
3021152 
3026776 
3027268 
3028496 
3029928 
3031896 
3032744 
3036200 
3040016 
3046780 
3048128 
3051624 
3054944 
3064264 
3065420 
3065560 
3068268 
3071560 
3072620 
3077896 
3099892 
3101704 
3104988 
3105656 
3120784 
3125888 
3138540 
3138564 
3143812 
3145256 
3149032 
3157920 
3159316 
3167316 
3170672 
3175780 
3180904 
3186428 
3189872 
3191544 
3200320 
3223144 
3233548 
3235324 
3241008 
3242292 
3248088 
3266376 
3283820 
3310028 
3314180 
3314584 
3326984 
3351180 
3366036 
3420116 
3430364 
3437456 
3501736 
3508364 
3514436 
3595700 
3597956 
3598672 
3630456 
3643124 
3650680 
3650800 
3651012 
3660944 
3667512 
3669328 
3671240 
3680092 
3704024 
3708980 
3719220 
3759952 
3766104 
3794500 
3848264 
4244728 
4258424 
4455108 
4765256 
5797928 
13467424 
