348048 
350140 
357704 
368156 
371248 
372800 
379016 
379696 
381232 
383136 
390112 
396956 
399431 
406512 
437808 
442724 
444474 
454472 
457080 
467876 
481824 
496948 
498452 
512056 
522132 
525400 
530480 
542252 
545220 
545808 
568756 
568865 
570640 
574281 
578608 
602220 
611144 
613592 
614156 
616442 
618768 
633144 
645796 
647612 
653168 
658588 
661113 
671652 
674320 
674346 
693200 
697968 
697968 
700946 
701760 
702270 
704043 
706950 
707568 
707784 
709672 
713736 
713754 
715784 
718484 
720060 
720174 
720216 
721656 
722908 
728469 
728795 
732232 
736596 
738874 
739728 
739935 
740386 
741054 
743698 
744184 
744912 
745506 
745587 
746982 
747288 
747892 
748070 
748567 
749568 
749964 
750600 
750824 
750825 
751842 
752020 
752440 
753720 
754848 
755082 
755756 
756000 
756144 
756546 
756828 
756963 
757848 
758038 
758336 
758440 
758478 
758724 
758990 
759116 
759116 
759128 
759488 
761248 
761596 
762100 
762516 
763326 
763713 
763731 
763776 
764130 
764478 
764506 
764958 
765083 
765360 
765604 
766584 
766608 
766832 
766840 
766894 
767820 
768868 
768952 
769050 
769077 
769444 
770049 
770488 
770508 
771112 
771758 
771867 
772276 
772352 
772499 
773186 
774206 
775170 
776064 
776277 
776480 
776529 
778020 
778448 
778756 
778772 
778878 
779931 
780408 
780714 
781786 
782100 
782412 
782578 
784140 
784504 
784854 
785252 
785432 
785860 
786420 
786516 
786591 
786904 
787068 
787487 
788212 
788544 
788736 
789993 
791106 
792306 
792756 
793350 
793710 
793917 
794096 
794118 
794192 
794510 
794916 
795096 
795260 
795648 
795950 
796527 
796916 
796932 
796964 
796988 
797092 
797392 
797697 
797980 
798208 
798532 
799012 
799416 
799426 
799452 
799716 
800508 
800568 
800872 
801804 
802140 
802343 
802532 
802745 
802884 
803140 
803182 
803440 
803463 
803592 
803724 
803800 
803940 
803964 
804876 
804924 
805293 
805412 
805554 
805980 
806148 
806184 
806301 
806481 
806772 
807714 
807872 
808150 
808480 
808584 
809212 
809330 
809586 
809672 
809872 
809928 
809973 
811070 
811088 
811184 
811678 
812142 
812169 
812904 
812936 
813076 
813318 
813468 
813660 
813726 
813916 
814412 
814464 
814676 
814892 
815192 
815526 
815668 
815736 
815778 
815922 
815944 
816063 
816240 
816408 
816788 
816876 
816930 
817272 
817335 
817408 
817428 
817553 
817839 
818241 
818363 
818651 
818808 
818839 
818876 
818992 
819032 
819032 
819385 
819700 
819952 
820116 
820372 
820413 
820476 
820479 
820532 
820544 
820728 
820776 
820872 
820924 
820971 
821276 
821458 
821466 
821492 
821646 
821768 
821908 
821996 
822024 
822054 
822106 
822168 
822184 
822432 
823094 
823220 
823380 
823496 
823496 
823782 
823856 
824344 
824490 
824556 
824788 
824876 
824904 
825038 
825342 
825378 
825396 
825453 
825552 
825592 
825654 
825676 
825696 
825724 
826232 
826504 
826604 
826832 
827152 
827232 
827419 
827552 
827856 
827896 
827901 
827928 
827968 
828082 
828478 
828480 
828521 
828616 
828630 
828670 
828693 
828716 
828724 
828812 
828816 
828822 
828840 
828856 
828900 
828952 
829090 
829142 
829180 
829224 
829320 
829404 
829562 
829773 
829810 
829820 
829840 
829862 
829926 
829948 
829956 
830078 
830098 
830104 
830148 
830154 
830172 
830190 
830212 
830248 
830249 
830336 
830354 
830356 
830432 
830520 
830540 
830547 
830572 
830644 
830655 
830704 
830728 
830788 
830812 
830936 
831140 
831168 
831292 
831302 
831344 
831424 
831496 
831568 
831672 
831734 
831800 
831816 
831816 
831816 
832136 
832154 
832185 
832228 
832392 
832468 
832484 
832486 
832488 
832682 
832730 
832808 
832952 
833082 
833136 
833148 
833292 
833428 
833552 
833556 
833584 
833601 
833693 
833895 
833936 
833966 
834028 
834118 
834203 
834248 
834432 
834472 
834580 
834720 
834792 
834798 
834880 
834900 
835036 
835076 
835083 
835132 
835158 
835180 
835192 
835262 
835268 
835538 
835550 
835602 
835650 
835655 
835982 
836148 
836263 
836264 
836308 
836396 
836406 
836562 
836742 
836852 
836856 
836856 
836898 
836924 
837024 
837060 
837090 
837094 
837204 
837244 
837261 
837324 
837360 
837440 
837532 
837535 
837616 
837837 
837868 
837946 
838089 
838147 
838148 
838152 
838180 
838242 
838251 
838359 
838359 
838431 
838440 
838503 
838665 
838701 
838744 
838892 
838935 
838962 
839004 
839016 
839033 
839079 
839084 
839133 
839160 
839176 
839184 
839192 
839248 
839448 
839458 
839538 
839547 
839612 
839658 
839781 
839781 
840051 
840192 
840252 
840252 
840356 
840411 
840456 
840518 
840519 
840564 
840580 
840654 
840654 
840690 
840699 
840702 
840796 
840816 
841020 
841022 
841044 
841140 
841149 
841311 
841383 
841392 
841473 
841482 
841488 
841509 
841532 
841552 
841653 
841654 
841725 
841812 
841860 
841887 
841950 
841984 
842292 
842308 
842328 
842358 
842408 
842463 
842482 
842544 
842606 
842634 
842673 
842718 
842780 
842832 
842895 
842946 
843021 
843120 
843192 
843201 
843210 
843312 
843356 
843390 
843438 
843464 
843490 
843525 
843582 
843624 
843776 
843796 
843872 
843880 
843984 
843994 
844024 
844116 
844128 
844168 
844218 
844245 
844252 
844326 
844368 
844426 
844436 
844498 
844518 
844536 
844560 
844592 
844612 
844632 
844668 
844734 
844744 
844930 
844932 
844972 
844988 
845032 
845042 
845091 
845215 
845220 
845250 
845292 
845300 
845328 
845348 
845361 
845415 
845432 
845436 
845474 
845552 
845562 
845580 
845588 
845628 
845670 
845676 
845732 
845742 
845752 
845757 
845762 
845774 
845814 
845847 
845856 
845883 
845886 
845901 
846004 
846027 
846096 
846124 
846132 
846164 
846164 
846196 
846216 
846224 
846252 
846360 
846364 
846520 
846531 
846532 
846536 
846626 
846628 
846693 
846801 
846816 
846820 
846856 
846860 
846868 
846872 
846888 
846904 
846904 
846936 
846964 
846984 
846992 
847012 
847152 
847160 
847164 
847240 
847248 
847269 
847284 
847314 
847328 
847376 
847382 
847398 
847404 
847420 
847458 
847492 
847629 
847674 
847683 
847704 
847720 
847728 
847764 
847854 
847971 
847980 
847996 
848016 
848070 
848078 
848142 
848349 
848376 
848412 
848508 
848660 
848696 
848709 
848784 
848808 
848826 
848840 
848906 
848944 
848979 
849159 
849180 
849368 
849384 
849402 
849544 
849560 
849596 
849604 
849609 
849932 
849988 
850024 
850060 
850167 
850288 
850300 
850374 
850530 
850536 
850568 
850572 
850572 
850635 
850680 
850712 
850772 
850788 
850856 
850884 
850977 
851049 
851096 
851107 
851112 
851124 
851124 
851130 
851140 
851168 
851216 
851292 
851310 
851356 
851358 
851391 
851526 
851552 
851553 
851634 
851679 
851715 
851727 
851752 
851760 
851800 
851928 
851972 
852012 
852039 
852072 
852075 
852130 
852138 
852147 
852156 
852176 
852208 
852208 
852210 
852228 
852291 
852309 
852320 
852324 
852336 
852372 
852453 
852471 
852512 
852705 
852708 
852714 
852723 
852732 
852760 
852822 
852831 
852832 
852840 
852885 
852894 
852921 
852952 
852993 
853008 
853020 
853047 
853056 
853088 
853173 
853224 
853245 
853264 
853316 
853344 
853352 
853360 
853360 
853392 
853416 
853425 
853440 
853448 
853452 
853479 
853480 
853492 
853506 
853515 
853515 
853551 
853578 
853720 
853800 
853844 
853856 
853857 
853936 
853956 
853965 
853968 
853983 
853988 
854088 
854148 
854208 
854244 
854253 
854343 
854388 
854393 
854416 
854460 
854464 
854478 
854500 
854516 
854586 
854680 
854721 
854796 
854820 
854856 
854866 
854964 
855048 
855120 
855192 
855240 
855280 
855292 
855320 
855352 
855428 
855504 
855524 
855536 
855592 
855608 
855624 
855772 
855776 
855916 
855952 
855981 
856056 
856068 
856112 
856152 
856188 
856200 
856256 
856272 
856328 
856337 
856456 
856476 
856485 
856528 
856616 
856616 
856624 
856632 
856760 
856768 
856808 
856818 
857024 
857112 
857148 
857172 
857176 
857336 
857493 
857520 
857548 
857622 
857624 
857637 
857656 
857740 
857754 
857756 
857800 
857835 
857844 
857907 
857912 
857934 
857952 
858028 
858071 
858222 
858393 
858428 
858465 
858472 
858618 
858624 
858672 
858700 
858812 
858828 
859014 
859124 
859172 
859196 
859212 
859221 
859332 
859340 
859352 
859365 
859472 
859500 
859512 
859527 
859528 
859556 
859556 
859704 
859716 
859761 
859808 
859812 
859856 
859869 
859959 
860180 
860355 
860391 
860454 
860472 
860544 
860588 
860616 
860660 
860678 
860760 
860832 
860922 
861024 
861048 
861096 
861140 
861220 
861228 
861236 
861252 
861264 
861272 
861291 
861292 
861320 
861352 
861396 
861492 
861570 
861644 
861777 
861820 
861876 
861930 
861988 
862016 
862080 
862080 
862164 
862200 
862280 
862324 
862344 
862352 
862384 
862656 
862676 
862716 
862720 
862764 
862844 
862914 
862940 
862998 
863016 
863048 
863068 
863148 
863276 
863324 
863336 
863440 
863472 
863576 
863576 
863600 
863622 
863672 
863724 
863774 
863800 
863844 
863900 
864020 
864088 
864152 
864236 
864284 
864292 
864312 
864316 
864344 
864392 
864404 
864427 
864436 
864452 
864517 
864576 
864580 
864660 
864672 
864856 
864868 
864892 
864972 
865068 
865100 
865152 
865184 
865200 
865224 
865240 
865244 
865256 
865276 
865346 
865356 
865376 
865468 
865508 
865584 
865584 
865602 
865608 
865632 
865676 
865687 
865716 
865776 
865848 
865920 
865920 
865932 
866021 
866024 
866060 
866115 
866128 
866152 
866164 
866180 
866204 
866276 
866308 
866352 
866384 
866468 
866592 
866600 
866600 
866608 
866664 
866680 
866692 
866728 
866736 
866764 
866924 
866940 
866940 
866984 
867008 
867020 
867040 
867088 
867128 
867136 
867158 
867164 
867176 
867288 
867312 
867504 
867520 
867552 
867604 
867749 
867792 
867792 
867864 
867868 
867876 
867880 
867888 
867916 
867944 
867980 
868056 
868056 
868104 
868104 
868116 
868116 
868188 
868224 
868256 
868274 
868294 
868320 
868328 
868356 
868377 
868388 
868429 
868452 
868484 
868485 
868512 
868556 
868588 
868600 
868604 
868644 
868688 
868704 
868710 
868740 
868756 
868840 
868848 
868856 
868920 
869020 
869120 
869136 
869180 
869192 
869240 
869256 
869260 
869276 
869288 
869332 
869376 
869408 
869416 
869424 
869465 
869472 
869534 
869540 
869576 
869628 
869648 
869660 
869663 
869708 
869740 
869756 
869772 
869844 
869872 
869928 
869932 
870094 
870120 
870128 
870132 
870237 
870268 
870278 
870348 
870364 
870392 
870464 
870584 
870617 
870628 
870704 
870778 
870876 
870916 
870972 
871032 
871112 
871148 
871154 
871160 
871164 
871188 
871212 
871248 
871248 
871260 
871272 
871288 
871300 
871332 
871463 
871468 
871476 
871540 
871614 
871676 
871792 
871808 
871860 
871916 
871968 
871984 
872052 
872060 
872080 
872100 
872128 
872148 
872280 
872304 
872312 
872312 
872324 
872346 
872372 
872388 
872404 
872440 
872540 
872548 
872564 
872584 
872708 
872788 
872808 
872820 
872832 
872944 
872952 
873032 
873072 
873108 
873140 
873160 
873160 
873172 
873198 
873244 
873272 
873308 
873312 
873316 
873328 
873400 
873412 
873456 
873488 
873512 
873531 
873568 
873592 
873596 
873600 
873606 
873616 
873656 
873712 
873716 
873780 
873820 
873888 
873908 
873908 
873932 
873957 
873984 
874016 
874048 
874052 
874075 
874136 
874152 
874159 
874164 
874196 
874210 
874260 
874288 
874296 
874376 
874434 
874436 
874456 
874504 
874508 
874516 
874540 
874552 
874604 
874632 
874688 
874744 
874764 
874772 
874920 
874956 
874976 
874996 
875032 
875068 
875108 
875208 
875252 
875348 
875372 
875376 
875456 
875508 
875624 
875656 
875656 
875672 
875680 
875684 
875758 
875760 
875776 
875924 
875936 
875956 
875964 
875984 
875997 
876000 
876010 
876016 
876028 
876040 
876056 
876056 
876060 
876064 
876116 
876161 
876168 
876180 
876180 
876204 
876212 
876216 
876244 
876280 
876328 
876332 
876364 
876424 
876426 
876452 
876468 
876532 
876536 
876558 
876605 
876632 
876684 
876692 
876720 
876724 
876752 
876768 
876804 
876812 
876820 
876836 
876852 
876904 
876916 
876940 
876945 
876976 
876980 
876996 
877016 
877036 
877056 
877080 
877090 
877108 
877112 
877120 
877120 
877128 
877152 
877184 
877196 
877252 
877276 
877292 
877292 
877340 
877392 
877464 
877520 
877572 
877584 
877611 
877676 
877680 
877680 
877696 
877752 
877768 
877828 
877848 
877912 
877956 
877960 
877964 
877972 
878032 
878052 
878070 
878076 
878128 
878216 
878220 
878288 
878304 
878324 
878334 
878412 
878444 
878468 
878516 
878552 
878556 
878612 
878612 
878644 
878732 
878820 
878860 
878888 
878920 
878920 
878932 
878936 
879000 
879040 
879068 
879076 
879120 
879140 
879148 
879204 
879280 
879352 
879364 
879420 
879424 
879432 
879448 
879486 
879496 
879520 
879572 
879576 
879612 
879656 
879680 
879692 
879712 
879792 
879792 
879820 
879844 
879952 
879996 
880020 
880020 
880036 
880052 
880084 
880128 
880136 
880156 
880176 
880188 
880212 
880212 
880296 
880296 
880388 
880392 
880464 
880488 
880492 
880506 
880512 
880552 
880584 
880588 
880612 
880620 
880636 
880660 
880724 
880728 
880800 
880800 
880820 
880860 
880880 
880892 
880896 
880920 
880928 
880944 
880960 
880964 
880968 
880976 
880988 
881004 
881016 
881080 
881084 
881104 
881124 
881152 
881156 
881156 
881168 
881184 
881214 
881240 
881260 
881360 
881364 
881368 
881396 
881436 
881456 
881456 
881492 
881508 
881516 
881528 
881576 
881604 
881624 
881640 
881648 
881656 
881672 
881684 
881692 
881724 
881724 
881728 
881764 
881780 
881792 
881800 
881820 
881852 
881880 
881892 
882040 
882040 
882084 
882092 
882124 
882240 
882246 
882252 
882304 
882308 
882340 
882348 
882348 
882408 
882420 
882424 
882448 
882464 
882480 
882488 
882552 
882564 
882564 
882592 
882616 
882624 
882648 
882648 
882652 
882684 
882688 
882688 
882702 
882702 
882704 
882720 
882752 
882792 
882812 
882820 
882828 
882832 
882840 
882860 
882884 
882908 
882936 
882984 
882984 
882996 
883000 
883000 
883048 
883068 
883096 
883132 
883144 
883152 
883200 
883250 
883276 
883356 
883392 
883392 
883504 
883518 
883536 
883536 
883544 
883616 
883616 
883656 
883656 
883712 
883728 
883772 
883772 
883772 
883788 
883808 
883828 
883828 
883868 
883884 
883896 
883896 
883940 
883944 
883986 
884008 
884096 
884112 
884180 
884224 
884240 
884264 
884264 
884264 
884265 
884268 
884274 
884300 
884316 
884344 
884372 
884412 
884416 
884436 
884456 
884456 
884472 
884500 
884532 
884552 
884600 
884608 
884616 
884628 
884637 
884640 
884648 
884716 
884720 
884732 
884764 
884764 
884764 
884768 
884772 
884784 
884796 
884828 
884880 
884880 
884916 
884920 
884936 
884984 
885028 
885040 
885072 
885076 
885076 
885080 
885084 
885100 
885120 
885128 
885156 
885172 
885176 
885188 
885196 
885222 
885256 
885260 
885268 
885288 
885296 
885300 
885308 
885372 
885376 
885388 
885424 
885444 
885500 
885508 
885512 
885536 
885544 
885546 
885552 
885556 
885572 
885600 
885616 
885628 
885636 
885648 
885652 
885676 
885684 
885688 
885690 
885732 
885736 
885740 
885772 
885784 
885804 
885824 
885828 
885834 
885836 
885904 
885948 
885952 
885976 
885987 
885988 
886012 
886012 
886024 
886060 
886068 
886074 
886104 
886112 
886116 
886116 
886116 
886136 
886156 
886184 
886184 
886198 
886200 
886208 
886280 
886292 
886308 
886320 
886356 
886364 
886384 
886388 
886420 
886428 
886452 
886456 
886464 
886464 
886468 
886476 
886476 
886488 
886508 
886520 
886548 
886572 
886584 
886588 
886604 
886608 
886608 
886628 
886648 
886656 
886656 
886660 
886680 
886684 
886686 
886696 
886704 
886728 
886736 
886747 
886776 
886796 
886800 
886800 
886830 
886848 
886860 
886888 
886928 
886932 
886940 
886948 
886952 
886956 
886960 
886972 
886978 
886992 
886996 
886996 
887000 
887036 
887128 
887132 
887136 
887148 
887196 
887200 
887234 
887249 
887252 
887280 
887288 
887296 
887332 
887336 
887336 
887344 
887358 
887392 
887400 
887416 
887428 
887436 
887436 
887440 
887440 
887464 
887480 
887484 
887488 
887496 
887496 
887508 
887512 
887524 
887528 
887528 
887568 
887580 
887608 
887628 
887632 
887664 
887670 
887684 
887700 
887720 
887728 
887732 
887736 
887748 
887756 
887764 
887768 
887772 
887784 
887808 
887816 
887816 
887852 
887872 
887892 
887900 
887900 
887900 
887904 
887904 
887924 
887964 
887984 
887984 
887996 
888012 
888012 
888036 
888040 
888060 
888060 
888064 
888068 
888072 
888076 
888092 
888192 
888208 
888216 
888220 
888228 
888232 
888236 
888260 
888292 
888304 
888320 
888320 
888336 
888340 
888340 
888364 
888372 
888380 
888392 
888404 
888414 
888416 
888420 
888428 
888432 
888444 
888444 
888448 
888450 
888460 
888476 
888476 
888480 
888484 
888500 
888504 
888520 
888524 
888528 
888536 
888548 
888548 
888568 
888568 
888580 
888592 
888592 
888612 
888628 
888632 
888640 
888648 
888660 
888668 
888672 
888672 
888700 
888712 
888712 
888716 
888724 
888732 
888740 
888763 
888764 
888768 
888780 
888788 
888816 
888820 
888848 
888852 
888856 
888856 
888868 
888872 
888880 
888888 
888888 
888912 
888940 
888948 
888992 
888992 
889000 
889008 
889024 
889052 
889064 
889072 
889080 
889084 
889086 
889088 
889096 
889100 
889104 
889112 
889124 
889136 
889140 
889144 
889144 
889148 
889152 
889152 
889152 
889156 
889156 
889156 
889168 
889168 
889172 
889200 
889212 
889216 
889216 
889220 
889220 
889240 
889248 
889248 
889296 
889304 
889308 
889372 
889374 
889396 
889416 
889428 
889428 
889428 
889436 
889444 
889452 
889452 
889492 
889500 
889504 
889512 
889536 
889572 
889616 
889624 
889624 
889628 
889632 
889640 
889672 
889680 
889681 
889684 
889686 
889748 
889764 
889776 
889784 
889792 
889812 
889812 
889832 
889832 
889836 
889840 
889848 
889860 
889868 
889900 
889900 
889908 
889920 
889960 
889964 
889968 
889976 
889992 
890016 
890020 
890020 
890024 
890036 
890052 
890056 
890060 
890068 
890072 
890076 
890076 
890080 
890084 
890092 
890100 
890108 
890116 
890116 
890132 
890140 
890140 
890148 
890152 
890152 
890164 
890176 
890176 
890184 
890192 
890212 
890224 
890244 
890248 
890260 
890268 
890296 
890300 
890304 
890304 
890304 
890308 
890324 
890332 
890332 
890340 
890340 
890348 
890372 
890380 
890384 
890392 
890416 
890424 
890436 
890436 
890440 
890456 
890460 
890464 
890464 
890464 
890472 
890476 
890486 
890492 
890512 
890532 
890536 
890548 
890560 
890564 
890572 
890572 
890576 
890580 
890580 
890584 
890600 
890612 
890612 
890625 
890632 
890644 
890648 
890660 
890664 
890668 
890676 
890684 
890684 
890696 
890712 
890712 
890716 
890720 
890728 
890768 
890768 
890768 
890772 
890780 
890780 
890796 
890800 
890804 
890824 
890836 
890840 
890844 
890852 
890872 
890876 
890892 
890898 
890928 
890936 
890936 
890940 
890944 
890952 
890956 
890960 
890960 
890976 
890980 
891000 
891020 
891028 
891032 
891052 
891056 
891072 
891076 
891084 
891088 
891096 
891116 
891116 
891116 
891148 
891160 
891164 
891168 
891172 
891184 
891184 
891208 
891224 
891224 
891224 
891234 
891236 
891236 
891240 
891246 
891248 
891261 
891268 
891280 
891292 
891292 
891308 
891312 
891344 
891345 
891348 
891352 
891356 
891368 
891368 
891380 
891380 
891388 
891388 
891412 
891416 
891428 
891444 
891444 
891448 
891496 
891500 
891504 
891508 
891516 
891520 
891520 
891520 
891540 
891552 
891552 
891568 
891588 
891608 
891612 
891612 
891624 
891644 
891644 
891644 
891648 
891648 
891656 
891656 
891666 
891680 
891696 
891704 
891716 
891728 
891728 
891732 
891736 
891744 
891752 
891752 
891768 
891804 
891808 
891824 
891836 
891836 
891844 
891844 
891868 
891876 
891884 
891884 
891892 
891900 
891904 
891912 
891920 
891924 
891940 
891956 
891972 
891980 
891980 
891992 
892000 
892036 
892064 
892084 
892088 
892116 
892136 
892140 
892148 
892152 
892168 
892180 
892180 
892188 
892192 
892200 
892204 
892208 
892216 
892220 
892220 
892228 
892240 
892248 
892280 
892280 
892288 
892300 
892308 
892320 
892336 
892348 
892360 
892364 
892364 
892372 
892376 
892392 
892396 
892436 
892436 
892452 
892460 
892472 
892480 
892484 
892488 
892496 
892508 
892516 
892524 
892528 
892528 
892532 
892540 
892540 
892540 
892564 
892564 
892568 
892572 
892572 
892578 
892592 
892600 
892612 
892632 
892652 
892652 
892672 
892676 
892708 
892708 
892708 
892716 
892720 
892756 
892784 
892788 
892792 
892796 
892796 
892800 
892805 
892816 
892828 
892828 
892832 
892848 
892876 
892920 
892944 
892956 
892980 
892984 
892988 
892992 
893000 
893016 
893032 
893080 
893088 
893112 
893120 
893136 
893136 
893160 
893168 
893188 
893192 
893216 
893220 
893232 
893254 
893268 
893268 
893272 
893280 
893284 
893304 
893348 
893360 
893360 
893364 
893368 
893404 
893420 
893444 
893452 
893476 
893480 
893488 
893512 
893524 
893528 
893548 
893556 
893556 
893592 
893596 
893600 
893628 
893636 
893640 
893644 
893652 
893688 
893704 
893756 
893780 
893784 
893784 
893832 
893832 
893864 
893868 
893896 
893928 
893936 
893972 
893984 
894012 
894024 
894024 
894028 
894052 
894064 
894072 
894088 
894148 
894156 
894248 
894275 
894292 
894300 
894300 
894312 
894316 
894334 
894336 
894360 
894392 
894408 
894428 
894432 
894432 
894444 
894448 
894472 
894476 
894480 
894492 
894492 
894500 
894508 
894512 
894524 
894532 
894592 
894596 
894684 
894696 
894700 
894716 
894724 
894728 
894736 
894744 
894747 
894776 
894792 
894820 
894820 
894836 
894840 
894856 
894868 
894892 
894932 
894948 
894960 
894968 
894988 
895032 
895036 
895036 
895068 
895092 
895116 
895192 
895208 
895280 
895320 
895320 
895360 
895388 
895392 
895402 
895410 
895412 
895428 
895456 
895484 
895492 
895500 
895504 
895516 
895516 
895564 
895571 
895572 
895616 
895624 
895648 
895660 
895672 
895692 
895708 
895712 
895732 
895768 
895788 
895796 
895796 
895800 
895816 
895824 
895828 
895832 
895832 
895840 
895844 
895864 
895884 
895892 
895908 
895960 
895960 
895976 
896016 
896024 
896124 
896128 
896132 
896152 
896156 
896160 
896179 
896184 
896184 
896238 
896252 
896276 
896284 
896288 
896292 
896328 
896328 
896344 
896384 
896424 
896427 
896428 
896460 
896464 
896467 
896480 
896488 
896492 
896496 
896496 
896500 
896552 
896576 
896580 
896580 
896580 
896588 
896591 
896608 
896612 
896616 
896636 
896680 
896688 
896704 
896712 
896720 
896724 
896732 
896735 
896744 
896744 
896788 
896792 
896836 
896840 
896856 
896876 
896908 
896921 
896932 
896940 
896948 
896958 
896960 
897004 
897020 
897048 
897052 
897064 
897072 
897084 
897092 
897096 
897196 
897224 
897252 
897268 
897292 
897316 
897324 
897328 
897348 
897348 
897356 
897413 
897436 
897460 
897508 
897522 
897532 
897540 
897542 
897580 
897596 
897604 
897624 
897632 
897651 
897668 
897684 
897760 
897764 
897776 
897800 
897875 
897880 
897900 
897916 
897968 
897972 
897972 
897980 
897995 
898016 
898016 
898028 
898060 
898088 
898112 
898116 
898148 
898152 
898156 
898176 
898180 
898193 
898200 
898244 
898248 
898252 
898264 
898268 
898272 
898324 
898348 
898356 
898360 
898372 
898376 
898392 
898401 
898404 
898404 
898408 
898416 
898428 
898432 
898468 
898476 
898500 
898524 
898576 
898588 
898604 
898604 
898612 
898620 
898624 
898668 
898669 
898692 
898694 
898694 
898708 
898768 
898796 
898800 
898844 
898876 
898892 
898932 
898940 
898940 
898944 
898948 
898956 
898980 
899004 
899012 
899022 
899096 
899104 
899104 
899136 
899136 
899140 
899160 
899168 
899200 
899236 
899240 
899240 
899256 
899256 
899292 
899316 
899320 
899325 
899348 
899356 
899364 
899364 
899376 
899392 
899416 
899444 
899444 
899480 
899488 
899504 
899526 
899528 
899568 
899608 
899620 
899620 
899624 
899624 
899632 
899652 
899656 
899660 
899664 
899664 
899732 
899748 
899754 
899760 
899768 
899792 
899832 
899844 
899856 
899868 
899872 
899876 
899896 
899904 
899944 
899956 
899958 
899996 
900000 
900008 
900008 
900015 
900024 
900036 
900040 
900040 
900044 
900079 
900104 
900120 
900140 
900188 
900204 
900224 
900228 
900240 
900256 
900284 
900284 
900288 
900288 
900296 
900372 
900376 
900416 
900424 
900436 
900456 
900480 
900546 
900564 
900580 
900580 
900596 
900600 
900604 
900604 
900611 
900635 
900651 
900652 
900660 
900724 
900760 
900760 
900796 
900800 
900804 
900812 
900848 
900860 
900884 
900912 
900912 
900924 
900924 
900960 
900972 
900977 
900992 
900996 
901004 
901040 
901044 
901076 
901080 
901096 
901096 
901112 
901122 
901128 
901128 
901144 
901144 
901148 
901172 
901180 
901180 
901196 
901204 
901215 
901244 
901276 
901296 
901300 
901304 
901312 
901316 
901324 
901348 
901348 
901384 
901396 
901400 
901408 
901419 
901444 
901448 
901460 
901476 
901500 
901536 
901536 
901540 
901548 
901564 
901580 
901584 
901632 
901640 
901640 
901648 
901650 
901656 
901663 
901664 
901668 
901680 
901691 
901704 
901792 
901796 
901800 
901802 
901807 
901812 
901836 
901852 
901909 
901928 
901948 
901988 
902004 
902036 
902048 
902052 
902056 
902064 
902068 
902068 
902076 
902076 
902100 
902100 
902116 
902120 
902140 
902140 
902144 
902184 
902192 
902204 
902204 
902212 
902224 
902230 
902232 
902244 
902244 
902284 
902292 
902296 
902299 
902316 
902324 
902332 
902364 
902372 
902376 
902406 
902412 
902416 
902420 
902420 
902424 
902424 
902424 
902428 
902428 
902448 
902469 
902488 
902500 
902516 
902520 
902528 
902536 
902544 
902576 
902580 
902592 
902608 
902616 
902636 
902636 
902644 
902660 
902664 
902668 
902668 
902672 
902685 
902708 
902712 
902724 
902736 
902748 
902770 
902772 
902788 
902796 
902800 
902808 
902836 
902838 
902840 
902841 
902844 
902856 
902876 
902892 
902904 
902904 
902924 
902928 
902940 
902948 
902952 
902952 
902952 
902960 
902996 
903056 
903056 
903076 
903128 
903128 
903132 
903144 
903160 
903160 
903168 
903184 
903192 
903208 
903208 
903208 
903208 
903220 
903244 
903252 
903276 
903280 
903324 
903332 
903344 
903352 
903364 
903368 
903380 
903420 
903428 
903444 
903464 
903520 
903559 
903560 
903576 
903585 
903600 
903604 
903612 
903615 
903624 
903632 
903636 
903644 
903690 
903704 
903712 
903728 
903736 
903744 
903748 
903756 
903764 
903780 
903800 
903808 
903840 
903856 
903864 
903872 
903876 
903888 
903892 
903912 
903928 
903932 
903948 
903956 
903996 
904004 
904016 
904020 
904024 
904052 
904056 
904060 
904060 
904076 
904088 
904088 
904092 
904096 
904104 
904112 
904116 
904128 
904160 
904196 
904196 
904256 
904276 
904276 
904284 
904284 
904288 
904320 
904348 
904356 
904356 
904384 
904392 
904400 
904408 
904429 
904460 
904568 
904572 
904572 
904576 
904616 
904628 
904634 
904644 
904652 
904656 
904656 
904660 
904680 
904680 
904684 
904692 
904700 
904712 
904716 
904724 
904728 
904736 
904756 
904760 
904768 
904768 
904772 
904780 
904788 
904800 
904808 
904820 
904850 
904860 
904876 
904920 
904952 
904964 
904988 
904996 
905032 
905048 
905052 
905056 
905096 
905100 
905116 
905120 
905128 
905128 
905136 
905152 
905168 
905208 
905232 
905240 
905248 
905248 
905252 
905264 
905276 
905298 
905304 
905324 
905356 
905356 
905364 
905388 
905388 
905392 
905396 
905400 
905420 
905428 
905456 
905472 
905504 
905508 
905516 
905524 
905548 
905596 
905600 
905612 
905624 
905644 
905656 
905676 
905704 
905744 
905772 
905788 
905796 
905804 
905844 
905856 
905857 
905864 
905880 
905904 
905928 
905940 
905944 
905960 
905972 
905976 
905992 
906008 
906024 
906030 
906032 
906032 
906064 
906068 
906096 
906128 
906132 
906132 
906156 
906160 
906164 
906200 
906200 
906220 
906224 
906264 
906268 
906316 
906316 
906320 
906328 
906336 
906344 
906356 
906380 
906384 
906408 
906436 
906456 
906460 
906460 
906463 
906468 
906488 
906488 
906492 
906500 
906564 
906583 
906596 
906620 
906624 
906648 
906672 
906692 
906692 
906701 
906712 
906720 
906720 
906728 
906748 
906748 
906752 
906792 
906824 
906832 
906840 
906845 
906848 
906860 
906860 
906877 
906892 
906896 
906912 
906912 
906916 
906920 
906920 
906920 
906976 
906980 
906984 
906984 
907012 
907021 
907028 
907036 
907052 
907056 
907060 
907084 
907084 
907102 
907116 
907118 
907144 
907148 
907164 
907168 
907172 
907172 
907184 
907188 
907240 
907264 
907276 
907300 
907324 
907328 
907329 
907332 
907344 
907344 
907348 
907356 
907369 
907388 
907392 
907416 
907420 
907452 
907476 
907500 
907512 
907528 
907528 
907580 
907584 
907596 
907656 
907664 
907667 
907668 
907673 
907680 
907719 
907724 
907728 
907732 
907736 
907740 
907744 
907744 
907768 
907772 
907776 
907776 
907796 
907800 
907808 
907832 
907833 
907852 
907880 
907888 
907890 
907924 
907932 
907956 
907960 
907988 
907992 
907996 
908016 
908020 
908020 
908044 
908044 
908048 
908056 
908060 
908096 
908108 
908156 
908168 
908184 
908208 
908232 
908232 
908236 
908244 
908244 
908256 
908272 
908288 
908300 
908340 
908344 
908408 
908412 
908428 
908440 
908452 
908464 
908488 
908492 
908492 
908512 
908516 
908520 
908528 
908548 
908556 
908568 
908580 
908588 
908588 
908600 
908604 
908636 
908640 
908648 
908664 
908672 
908680 
908688 
908692 
908696 
908700 
908708 
908708 
908712 
908722 
908740 
908740 
908768 
908772 
908784 
908804 
908805 
908808 
908812 
908816 
908852 
908856 
908864 
908880 
908900 
908904 
908916 
908928 
908952 
908953 
908984 
909008 
909012 
909048 
909052 
909052 
909080 
909092 
909092 
909100 
909132 
909148 
909160 
909172 
909180 
909204 
909224 
909228 
909228 
909248 
909248 
909261 
909284 
909284 
909316 
909324 
909328 
909336 
909336 
909364 
909368 
909372 
909381 
909386 
909388 
909400 
909408 
909424 
909432 
909440 
909458 
909476 
909483 
909492 
909496 
909496 
909516 
909520 
909520 
909524 
909528 
909550 
909584 
909600 
909616 
909624 
909624 
909640 
909652 
909660 
909672 
909680 
909692 
909696 
909716 
909724 
909732 
909736 
909736 
909736 
909744 
909752 
909768 
909776 
909776 
909776 
909859 
909860 
909864 
909868 
909868 
909872 
909876 
909876 
909884 
909884 
909884 
909892 
909896 
909908 
909944 
909960 
909960 
909964 
909992 
910008 
910016 
910028 
910056 
910080 
910084 
910092 
910092 
910112 
910148 
910152 
910152 
910156 
910164 
910172 
910172 
910184 
910188 
910196 
910196 
910200 
910204 
910208 
910208 
910216 
910220 
910228 
910240 
910240 
910264 
910280 
910292 
910312 
910332 
910336 
910336 
910340 
910364 
910372 
910384 
910388 
910396 
910408 
910416 
910420 
910424 
910432 
910432 
910444 
910452 
910468 
910472 
910476 
910476 
910480 
910484 
910486 
910488 
910496 
910536 
910552 
910552 
910556 
910600 
910604 
910615 
910620 
910624 
910630 
910676 
910688 
910704 
910708 
910716 
910724 
910736 
910736 
910756 
910756 
910756 
910759 
910760 
910764 
910792 
910828 
910831 
910836 
910845 
910848 
910848 
910864 
910876 
910880 
910896 
910940 
910944 
910948 
910968 
910976 
911004 
911004 
911020 
911024 
911024 
911028 
911056 
911060 
911076 
911078 
911092 
911096 
911096 
911100 
911108 
911112 
911120 
911120 
911132 
911140 
911140 
911144 
911148 
911152 
911160 
911168 
911172 
911180 
911192 
911200 
911204 
911208 
911212 
911212 
911212 
911224 
911232 
911236 
911236 
911236 
911242 
911256 
911264 
911292 
911294 
911300 
911304 
911332 
911336 
911348 
911356 
911364 
911380 
911380 
911384 
911392 
911396 
911400 
911404 
911416 
911436 
911436 
911442 
911456 
911456 
911460 
911464 
911468 
911476 
911488 
911492 
911500 
911508 
911512 
911516 
911516 
911532 
911536 
911536 
911548 
911548 
911548 
911552 
911568 
911588 
911592 
911600 
911620 
911620 
911624 
911632 
911632 
911660 
911668 
911676 
911688 
911696 
911704 
911724 
911728 
911740 
911744 
911752 
911760 
911764 
911768 
911783 
911784 
911784 
911792 
911804 
911808 
911812 
911828 
911836 
911844 
911844 
911864 
911872 
911884 
911884 
911896 
911908 
911924 
911936 
911944 
911948 
911952 
911960 
911964 
911972 
911972 
911980 
911984 
911984 
912000 
912012 
912016 
912068 
912072 
912076 
912080 
912084 
912084 
912088 
912088 
912096 
912100 
912104 
912108 
912108 
912140 
912148 
912156 
912160 
912168 
912180 
912196 
912200 
912212 
912224 
912240 
912240 
912248 
912255 
912260 
912260 
912260 
912268 
912276 
912276 
912284 
912288 
912292 
912296 
912300 
912300 
912300 
912328 
912328 
912332 
912332 
912332 
912336 
912340 
912348 
912368 
912372 
912372 
912372 
912376 
912380 
912388 
912392 
912396 
912396 
912400 
912400 
912404 
912404 
912408 
912408 
912408 
912416 
912416 
912416 
912420 
912436 
912440 
912448 
912448 
912456 
912471 
912472 
912480 
912500 
912500 
912504 
912512 
912512 
912520 
912520 
912532 
912560 
912564 
912568 
912572 
912580 
912608 
912612 
912624 
912644 
912648 
912668 
912680 
912684 
912688 
912704 
912708 
912744 
912752 
912756 
912760 
912764 
912768 
912780 
912784 
912784 
912788 
912800 
912808 
912808 
912812 
912836 
912836 
912844 
912844 
912848 
912868 
912876 
912884 
912888 
912900 
912904 
912904 
912908 
912908 
912932 
912956 
912960 
912960 
912964 
912964 
912972 
912984 
912984 
912988 
912992 
912996 
912996 
913008 
913008 
913020 
913020 
913024 
913024 
913024 
913036 
913056 
913064 
913064 
913076 
913084 
913084 
913092 
913092 
913096 
913104 
913108 
913120 
913124 
913132 
913136 
913140 
913144 
913148 
913148 
913180 
913188 
913188 
913192 
913220 
913220 
913220 
913228 
913252 
913260 
913264 
913272 
913272 
913280 
913284 
913284 
913296 
913296 
913300 
913328 
913328 
913328 
913340 
913344 
913348 
913352 
913356 
913368 
913368 
913372 
913384 
913384 
913396 
913396 
913404 
913420 
913420 
913424 
913424 
913432 
913444 
913456 
913456 
913460 
913464 
913464 
913476 
913476 
913484 
913484 
913488 
913500 
913508 
913508 
913512 
913512 
913516 
913520 
913520 
913544 
913568 
913576 
913576 
913576 
913580 
913592 
913608 
913620 
913628 
913632 
913648 
913652 
913652 
913656 
913688 
913692 
913696 
913696 
913708 
913712 
913712 
913712 
913716 
913724 
913732 
913732 
913740 
913740 
913748 
913752 
913764 
913764 
913768 
913772 
913776 
913780 
913788 
913800 
913812 
913812 
913812 
913820 
913820 
913824 
913840 
913844 
913844 
913848 
913848 
913880 
913888 
913896 
913896 
913900 
913908 
913912 
913912 
913912 
913916 
913956 
913956 
913968 
913968 
913972 
913976 
913976 
913988 
913996 
914008 
914016 
914016 
914020 
914028 
914032 
914044 
914060 
914060 
914068 
914072 
914072 
914072 
914080 
914080 
914080 
914092 
914096 
914096 
914096 
914100 
914112 
914112 
914124 
914128 
914136 
914140 
914140 
914152 
914156 
914160 
914172 
914176 
914180 
914192 
914200 
914204 
914212 
914212 
914212 
914220 
914224 
914228 
914236 
914244 
914248 
914248 
914248 
914252 
914260 
914264 
914276 
914284 
914284 
914296 
914300 
914300 
914304 
914308 
914312 
914324 
914324 
914324 
914332 
914336 
914340 
914344 
914344 
914356 
914360 
914364 
914364 
914368 
914372 
914376 
914384 
914388 
914396 
914396 
914396 
914400 
914404 
914416 
914416 
914416 
914424 
914428 
914436 
914440 
914444 
914448 
914448 
914452 
914456 
914464 
914468 
914472 
914480 
914480 
914488 
914512 
914516 
914520 
914528 
914528 
914528 
914528 
914532 
914540 
914544 
914544 
914544 
914544 
914548 
914552 
914552 
914552 
914560 
914568 
914572 
914580 
914588 
914588 
914592 
914592 
914600 
914608 
914616 
914616 
914640 
914644 
914652 
914656 
914664 
914664 
914668 
914668 
914680 
914684 
914688 
914688 
914688 
914696 
914696 
914708 
914712 
914712 
914720 
914724 
914728 
914736 
914740 
914740 
914744 
914752 
914756 
914760 
914780 
914780 
914784 
914804 
914804 
914808 
914808 
914812 
914824 
914828 
914832 
914832 
914836 
914836 
914840 
914840 
914844 
914844 
914852 
914852 
914856 
914864 
914876 
914876 
914880 
914884 
914888 
914892 
914896 
914896 
914904 
914904 
914908 
914920 
914920 
914924 
914932 
914940 
914940 
914952 
914960 
914960 
914960 
914968 
914972 
914972 
914972 
914976 
914976 
914980 
914980 
914988 
914992 
914992 
915004 
915008 
915012 
915016 
915020 
915020 
915024 
915040 
915044 
915044 
915044 
915056 
915060 
915080 
915080 
915092 
915092 
915096 
915096 
915112 
915116 
915124 
915128 
915132 
915132 
915136 
915136 
915140 
915156 
915160 
915164 
915168 
915172 
915176 
915176 
915188 
915192 
915192 
915204 
915204 
915208 
915208 
915212 
915212 
915216 
915224 
915232 
915232 
915236 
915240 
915252 
915252 
915256 
915256 
915268 
915284 
915292 
915308 
915324 
915324 
915328 
915328 
915340 
915348 
915352 
915352 
915352 
915356 
915356 
915360 
915368 
915376 
915380 
915396 
915416 
915424 
915428 
915428 
915428 
915456 
915456 
915464 
915468 
915488 
915488 
915488 
915496 
915496 
915507 
915516 
915516 
915520 
915524 
915524 
915532 
915548 
915548 
915552 
915556 
915564 
915580 
915580 
915584 
915588 
915592 
915600 
915604 
915608 
915620 
915620 
915628 
915628 
915628 
915628 
915632 
915636 
915640 
915648 
915648 
915660 
915660 
915664 
915664 
915668 
915668 
915672 
915672 
915676 
915680 
915680 
915684 
915688 
915688 
915692 
915696 
915708 
915720 
915732 
915740 
915764 
915764 
915764 
915776 
915776 
915784 
915792 
915796 
915800 
915800 
915800 
915804 
915808 
915808 
915812 
915820 
915828 
915832 
915836 
915836 
915844 
915848 
915848 
915864 
915868 
915872 
915884 
915892 
915900 
915904 
915908 
915908 
915916 
915916 
915928 
915928 
915936 
915936 
915940 
915944 
915948 
915968 
915984 
916004 
916012 
916016 
916016 
916024 
916028 
916032 
916032 
916040 
916040 
916060 
916064 
916064 
916064 
916068 
916068 
916072 
916072 
916072 
916072 
916076 
916080 
916084 
916108 
916116 
916116 
916120 
916120 
916128 
916128 
916128 
916132 
916136 
916144 
916152 
916152 
916156 
916160 
916164 
916164 
916172 
916176 
916176 
916184 
916196 
916200 
916204 
916212 
916220 
916224 
916224 
916224 
916236 
916236 
916240 
916240 
916244 
916248 
916248 
916256 
916264 
916264 
916272 
916300 
916300 
916308 
916308 
916308 
916312 
916312 
916316 
916316 
916336 
916336 
916348 
916352 
916352 
916360 
916360 
916368 
916376 
916380 
916388 
916392 
916416 
916424 
916424 
916432 
916432 
916436 
916436 
916436 
916436 
916436 
916440 
916444 
916444 
916452 
916456 
916456 
916456 
916460 
916464 
916468 
916468 
916468 
916476 
916480 
916480 
916488 
916488 
916488 
916488 
916492 
916496 
916508 
916512 
916512 
916516 
916520 
916524 
916528 
916532 
916532 
916532 
916536 
916548 
916556 
916560 
916560 
916568 
916572 
916572 
916576 
916584 
916588 
916588 
916588 
916592 
916596 
916604 
916616 
916624 
916640 
916652 
916652 
916652 
916652 
916660 
916660 
916660 
916668 
916668 
916672 
916676 
916676 
916676 
916680 
916680 
916684 
916692 
916696 
916700 
916704 
916708 
916716 
916716 
916724 
916724 
916724 
916736 
916736 
916740 
916744 
916752 
916756 
916756 
916756 
916764 
916772 
916772 
916772 
916780 
916784 
916784 
916792 
916792 
916792 
916792 
916796 
916804 
916804 
916816 
916820 
916820 
916820 
916828 
916832 
916832 
916832 
916836 
916840 
916840 
916840 
916844 
916852 
916856 
916856 
916860 
916860 
916868 
916868 
916872 
916872 
916876 
916880 
916880 
916888 
916896 
916900 
916908 
916916 
916916 
916920 
916944 
916944 
916948 
916952 
916956 
916960 
916968 
916972 
916976 
916976 
916980 
916980 
916980 
916984 
916984 
916984 
916986 
916988 
916996 
917000 
917004 
917004 
917012 
917016 
917016 
917016 
917020 
917024 
917032 
917036 
917036 
917036 
917036 
917040 
917048 
917048 
917048 
917056 
917064 
917068 
917068 
917072 
917072 
917076 
917076 
917080 
917084 
917092 
917096 
917096 
917100 
917104 
917104 
917104 
917112 
917116 
917120 
917120 
917120 
917136 
917136 
917136 
917136 
917140 
917144 
917144 
917144 
917148 
917148 
917148 
917152 
917164 
917172 
917176 
917176 
917184 
917184 
917184 
917192 
917192 
917196 
917196 
917200 
917200 
917200 
917200 
917208 
917232 
917232 
917232 
917236 
917236 
917240 
917244 
917252 
917260 
917260 
917268 
917272 
917276 
917280 
917280 
917284 
917284 
917292 
917292 
917296 
917296 
917300 
917304 
917316 
917324 
917328 
917328 
917328 
917332 
917332 
917332 
917336 
917340 
917340 
917344 
917356 
917368 
917368 
917368 
917380 
917384 
917384 
917388 
917388 
917392 
917396 
917396 
917400 
917408 
917408 
917408 
917412 
917412 
917416 
917420 
917424 
917436 
917436 
917436 
917436 
917448 
917456 
917460 
917464 
917476 
917476 
917480 
917480 
917484 
917488 
917488 
917500 
917500 
917500 
917500 
917508 
917508 
917512 
917516 
917520 
917524 
917528 
917528 
917528 
917532 
917532 
917536 
917540 
917548 
917552 
917556 
917556 
917560 
917568 
917572 
917572 
917576 
917580 
917584 
917584 
917584 
917588 
917592 
917600 
917600 
917600 
917604 
917604 
917608 
917608 
917612 
917612 
917616 
917616 
917620 
917620 
917636 
917636 
917644 
917644 
917648 
917648 
917652 
917652 
917664 
917668 
917676 
917676 
917684 
917688 
917692 
917692 
917696 
917712 
917728 
917736 
917744 
917744 
917748 
917748 
917748 
917752 
917760 
917760 
917764 
917764 
917768 
917776 
917776 
917776 
917780 
917780 
917796 
917804 
917804 
917808 
917812 
917816 
917820 
917824 
917828 
917832 
917856 
917856 
917872 
917880 
917880 
917884 
917888 
917896 
917896 
917900 
917908 
917908 
917912 
917924 
917924 
917928 
917940 
917940 
917948 
917952 
917952 
917956 
917964 
917968 
917988 
917992 
918000 
918000 
918008 
918016 
918024 
918028 
918028 
918032 
918036 
918040 
918044 
918044 
918052 
918052 
918052 
918084 
918100 
918108 
918112 
918120 
918124 
918136 
918136 
918148 
918152 
918152 
918152 
918152 
918156 
918156 
918160 
918168 
918176 
918176 
918180 
918184 
918192 
918192 
918220 
918224 
918236 
918236 
918256 
918260 
918260 
918280 
918284 
918288 
918292 
918292 
918292 
918296 
918300 
918304 
918312 
918312 
918312 
918316 
918328 
918328 
918348 
918360 
918368 
918372 
918372 
918380 
918380 
918396 
918412 
918416 
918420 
918428 
918428 
918432 
918432 
918456 
918464 
918464 
918468 
918476 
918484 
918484 
918488 
918492 
918500 
918504 
918508 
918516 
918532 
918536 
918536 
918544 
918548 
918592 
918608 
918628 
918636 
918644 
918652 
918656 
918684 
918684 
918692 
918704 
918716 
918724 
918728 
918740 
918760 
918764 
918772 
918780 
918792 
918828 
918828 
918828 
918840 
918864 
918868 
918872 
918876 
918880 
918884 
918884 
918888 
918892 
918908 
918908 
918936 
918940 
918944 
918956 
918960 
918972 
918972 
918984 
918988 
919008 
919008 
919020 
919036 
919044 
919044 
919052 
919062 
919088 
919088 
919100 
919100 
919100 
919160 
919168 
919172 
919172 
919176 
919192 
919208 
919216 
919216 
919220 
919220 
919232 
919236 
919244 
919248 
919260 
919260 
919260 
919264 
919264 
919268 
919284 
919288 
919308 
919308 
919308 
919316 
919340 
919352 
919360 
919368 
919368 
919404 
919412 
919428 
919432 
919436 
919444 
919448 
919448 
919452 
919456 
919500 
919504 
919508 
919544 
919548 
919548 
919576 
919584 
919596 
919600 
919628 
919656 
919672 
919672 
919688 
919696 
919708 
919708 
919712 
919716 
919720 
919740 
919764 
919764 
919768 
919776 
919776 
919780 
919784 
919788 
919800 
919808 
919840 
919848 
919852 
919868 
919872 
919872 
919880 
919900 
919908 
919916 
919916 
919920 
919924 
919940 
919944 
919951 
919960 
919988 
919988 
919992 
919992 
920000 
920020 
920048 
920068 
920080 
920092 
920116 
920152 
920172 
920208 
920224 
920228 
920248 
920288 
920308 
920312 
920384 
920404 
920404 
920412 
920412 
920428 
920496 
920500 
920500 
920508 
920524 
920540 
920544 
920560 
920568 
920572 
920576 
920580 
920604 
920616 
920640 
920644 
920696 
920724 
920740 
920740 
920752 
920784 
920808 
920836 
920872 
920888 
920900 
920904 
920932 
920932 
920944 
920984 
920984 
920996 
921020 
921024 
921032 
921036 
921064 
921076 
921080 
921084 
921090 
921096 
921108 
921120 
921164 
921188 
921212 
921216 
921228 
921276 
921276 
921312 
921344 
921352 
921360 
921380 
921388 
921404 
921416 
921416 
921424 
921440 
921444 
921448 
921452 
921452 
921476 
921484 
921488 
921492 
921504 
921508 
921520 
921520 
921524 
921528 
921532 
921536 
921540 
921568 
921568 
921576 
921592 
921604 
921608 
921612 
921628 
921644 
921652 
921652 
921660 
921668 
921760 
921764 
921764 
921776 
921776 
921780 
921784 
921796 
921812 
921824 
921824 
921828 
921872 
921872 
921896 
921900 
921916 
921928 
921936 
921944 
921952 
921956 
921972 
921984 
922032 
922040 
922044 
922048 
922052 
922056 
922060 
922076 
922076 
922084 
922112 
922136 
922136 
922136 
922140 
922144 
922148 
922152 
922160 
922172 
922200 
922204 
922204 
922204 
922220 
922288 
922312 
922312 
922328 
922328 
922334 
922360 
922372 
922372 
922392 
922404 
922412 
922412 
922424 
922424 
922428 
922444 
922464 
922476 
922492 
922500 
922500 
922504 
922512 
922516 
922520 
922520 
922524 
922536 
922572 
922584 
922596 
922616 
922616 
922632 
922636 
922652 
922656 
922664 
922672 
922700 
922700 
922704 
922716 
922724 
922740 
922748 
922760 
922764 
922768 
922776 
922808 
922820 
922824 
922848 
922860 
922932 
922972 
922976 
922992 
922992 
923000 
923000 
923016 
923020 
923024 
923036 
923076 
923084 
923084 
923104 
923108 
923176 
923200 
923220 
923244 
923304 
923312 
923336 
923340 
923343 
923372 
923384 
923404 
923404 
923444 
923476 
923556 
923568 
923596 
923676 
923704 
923732 
923836 
923904 
924008 
924136 
924140 
924168 
924364 
924372 
924380 
924576 
924616 
924836 
925024 
925028 
925036 
925052 
925076 
925308 
925444 
925636 
925780 
926266 
926408 
926612 
927156 
927328 
927388 
927464 
927872 
927879 
927952 
928060 
928208 
928212 
928216 
928440 
928508 
928788 
928888 
929340 
929384 
929576 
929656 
929700 
929732 
929820 
929848 
930016 
930036 
930228 
930384 
930784 
930812 
931012 
931136 
931192 
931492 
931732 
931764 
931772 
931972 
932332 
932488 
932564 
932816 
932900 
932928 
932958 
933030 
933568 
933744 
934264 
934352 
934384 
934587 
934640 
934672 
934752 
934792 
934840 
934888 
934976 
935000 
935152 
935160 
935212 
935320 
935372 
935380 
935408 
935672 
935860 
936064 
936190 
936200 
936556 
936732 
936784 
936804 
936908 
937044 
937048 
937330 
937413 
937756 
937904 
937988 
938152 
938312 
938496 
938644 
938668 
939188 
939360 
939372 
939388 
939512 
939524 
939588 
939604 
939976 
940116 
940184 
940260 
940300 
940512 
940760 
940844 
941080 
941180 
941260 
941596 
941620 
941790 
941889 
942144 
942156 
942168 
942176 
942228 
942452 
942600 
942604 
942728 
942922 
943292 
943316 
943532 
943588 
943612 
943768 
943808 
944004 
944044 
944288 
944544 
944696 
944856 
944872 
945148 
945348 
945520 
945688 
945876 
946340 
946460 
946524 
946624 
946636 
946716 
947188 
947288 
947348 
947636 
947848 
948220 
948360 
948468 
948744 
948992 
949044 
949160 
949188 
949636 
949780 
950044 
950052 
950432 
950476 
950528 
950753 
951252 
951340 
951620 
951688 
951760 
951996 
952000 
952332 
952672 
952808 
952920 
952956 
953212 
953260 
953500 
953508 
953908 
954548 
954748 
954808 
954980 
955020 
955192 
955240 
955368 
955660 
955788 
956489 
957192 
957572 
957656 
957900 
958048 
958117 
958124 
958184 
959076 
959096 
959212 
959524 
959536 
959692 
960296 
960504 
961340 
962488 
962604 
963676 
963952 
964088 
964198 
964588 
965156 
965244 
965468 
965652 
965656 
965834 
965928 
966468 
966480 
966808 
967176 
967316 
968116 
968156 
968180 
970456 
970972 
971696 
971844 
972496 
973340 
973420 
974196 
975632 
976300 
976396 
978072 
978084 
979192 
979760 
980416 
981968 
982040 
983560 
983696 
984536 
985388 
985927 
987041 
987068 
988660 
990128 
992896 
994668 
995640 
996867 
998396 
1001844 
1007508 
1008392 
1011772 
1019808 
1020796 
1024480 
1024533 
1029681 
1030084 
1030212 
1035460 
1043280 
1047739 
1053388 
1053534 
1053852 
1061780 
1064652 
1065148 
1065468 
1065708 
1066964 
1068492 
1069620 
1069988 
1070988 
1074268 
1077028 
1080780 
1085788 
1086604 
1088404 
1088776 
1090088 
1090312 
1090844 
1091464 
1092756 
1103084 
1114776 
1124316 
1128841 
1131248 
1133844 
1137572 
1137588 
1144200 
1155608 
1167104 
1174995 
1177468 
1198844 
1220409 
1224192 
1231886 
1236552 
1245502 
1259148 
1273288 
1293072 
1299893 
1363940 
1364968 
1381782 
1395735 
1398208 
1402644 
1402952 
1405004 
1405146 
1405828 
1407732 
1407924 
1412560 
1417432 
1419436 
1419620 
1419900 
1420391 
1420732 
1420965 
1422080 
1422488 
1422852 
1424669 
1426536 
1430505 
1453025 
1465308 
1482008 
1568544 
1595644 
1596432 
1624036 
1676264 
1692384 
1694656 
1736016 
1744824 
1755288 
1792092 
1797876 
1849468 
1856600 
1890576 
1892816 
1915056 
1961036 
2068565 
2091556 
2145120 
2159240 
2611276 
2632604 
3022688 
4012628 
4483108 
