709000 
751776 
758556 
771920 
817512 
825850 
827072 
837348 
854044 
858028 
858316 
865348 
865732 
873272 
889074 
905696 
912660 
914240 
918404 
965420 
973242 
985596 
991440 
997940 
1019616 
1021732 
1045575 
1050412 
1064988 
1066977 
1075716 
1075796 
1085052 
1102492 
1112101 
1116548 
1127628 
1145296 
1147196 
1150092 
1150492 
1155296 
1155964 
1158896 
1159756 
1163520 
1164275 
1165128 
1166004 
1168168 
1169104 
1169108 
1170048 
1175324 
1182804 
1185844 
1191220 
1191364 
1193286 
1194696 
1194831 
1195182 
1195586 
1199696 
1205526 
1205604 
1206144 
1207552 
1208656 
1210128 
1211216 
1212336 
1212602 
1218160 
1220300 
1221240 
1221572 
1222292 
1224472 
1224506 
1226398 
1226708 
1229288 
1229484 
1229874 
1229972 
1231044 
1231167 
1231632 
1232002 
1233036 
1233484 
1233873 
1234024 
1234711 
1234989 
1235660 
1235875 
1236308 
1236524 
1236600 
1236896 
1237024 
1237266 
1237297 
1237568 
1237572 
1237844 
1239008 
1239472 
1239832 
1240176 
1240900 
1240996 
1241370 
1241595 
1241841 
1242035 
1242048 
1242792 
1242900 
1243176 
1243348 
1243616 
1243908 
1244344 
1244537 
1244544 
1244601 
1244684 
1244920 
1245404 
1245480 
1245620 
1246264 
1246620 
1246652 
1246820 
1246973 
1247028 
1247096 
1247096 
1247188 
1247278 
1247378 
1247562 
1247564 
1247660 
1247976 
1248140 
1248242 
1248308 
1248386 
1248464 
1248556 
1248616 
1248772 
1248788 
1248884 
1248930 
1249084 
1249156 
1249228 
1249232 
1249248 
1249480 
1249608 
1249792 
1249832 
1250016 
1250056 
1250088 
1250168 
1250384 
1250472 
1250476 
1250512 
1250716 
1250760 
1251082 
1251084 
1251312 
1251612 
1251752 
1251825 
1251880 
1251948 
1252108 
1252234 
1252268 
1252344 
1252416 
1252482 
1252508 
1252636 
1252648 
1252664 
1253188 
1253292 
1253468 
1253472 
1253520 
1253640 
1253709 
1253752 
1254024 
1254036 
1254040 
1254051 
1254240 
1254255 
1254280 
1254285 
1254448 
1254496 
1254636 
1254692 
1254704 
1254948 
1255204 
1255311 
1255380 
1255388 
1255464 
1255468 
1255504 
1255658 
1255776 
1255860 
1255932 
1255950 
1255952 
1256036 
1256049 
1256080 
1256116 
1256196 
1256212 
1256216 
1256319 
1256400 
1256408 
1256468 
1256592 
1256664 
1257036 
1257040 
1257076 
1257084 
1257180 
1257244 
1257252 
1257453 
1257480 
1257484 
1257700 
1257878 
1257880 
1258032 
1258044 
1258108 
1258176 
1258188 
1258444 
1258464 
1258512 
1258536 
1258560 
1258580 
1258668 
1258688 
1258748 
1258780 
1258832 
1258836 
1258908 
1259044 
1259068 
1259100 
1259316 
1259344 
1259360 
1259404 
1259572 
1259610 
1259620 
1259728 
1259744 
1259784 
1259788 
1259904 
1260024 
1260188 
1260268 
1260356 
1260356 
1260360 
1260368 
1260459 
1260468 
1260616 
1260769 
1260884 
1260900 
1260956 
1260976 
1261048 
1261096 
1261172 
1261200 
1261318 
1261476 
1261476 
1261528 
1261644 
1261692 
1261698 
1261748 
1261770 
1261800 
1261854 
1261908 
1261920 
1262004 
1262248 
1262272 
1262388 
1262403 
1262436 
1262448 
1262480 
1262492 
1262572 
1262728 
1262840 
1262864 
1262872 
1262943 
1262952 
1263036 
1263108 
1263212 
1263212 
1263248 
1263288 
1263300 
1263316 
1263316 
1263336 
1263420 
1263488 
1263504 
1263512 
1263532 
1263608 
1263616 
1263660 
1263672 
1263728 
1263780 
1263804 
1263844 
1263851 
1263920 
1263920 
1263924 
1263932 
1264052 
1264072 
1264150 
1264212 
1264212 
1264308 
1264388 
1264452 
1264524 
1264578 
1264600 
1264653 
1264672 
1264680 
1264726 
1264732 
1264736 
1264780 
1264820 
1264831 
1264921 
1264936 
1265032 
1265184 
1265204 
1265244 
1265244 
1265248 
1265260 
1265284 
1265500 
1265532 
1265596 
1265616 
1265625 
1265640 
1265678 
1265805 
1265844 
1265904 
1265916 
1265948 
1265952 
1265954 
1265967 
1265972 
1265972 
1266036 
1266060 
1266288 
1266292 
1266304 
1266308 
1266320 
1266336 
1266340 
1266444 
1266620 
1266636 
1266660 
1266664 
1266676 
1266705 
1266708 
1266772 
1266844 
1266924 
1266936 
1266952 
1266952 
1266968 
1266984 
1267004 
1267032 
1267152 
1267156 
1267160 
1267184 
1267192 
1267244 
1267340 
1267364 
1267408 
1267412 
1267556 
1267568 
1267568 
1267600 
1267664 
1267674 
1267682 
1267704 
1267728 
1267740 
1267748 
1267792 
1267796 
1267864 
1267884 
1267952 
1267972 
1267988 
1268016 
1268020 
1268052 
1268076 
1268084 
1268100 
1268112 
1268132 
1268256 
1268388 
1268440 
1268492 
1268588 
1268596 
1268604 
1268608 
1268660 
1268660 
1268740 
1268764 
1268919 
1268979 
1268996 
1269064 
1269102 
1269112 
1269128 
1269132 
1269160 
1269164 
1269232 
1269332 
1269392 
1269436 
1269492 
1269496 
1269536 
1269608 
1269616 
1269620 
1269812 
1269812 
1269820 
1269884 
1269904 
1269952 
1269956 
1269956 
1269988 
1270020 
1270080 
1270140 
1270152 
1270152 
1270192 
1270204 
1270212 
1270314 
1270364 
1270380 
1270392 
1270400 
1270424 
1270564 
1270620 
1270620 
1270628 
1270668 
1270752 
1270780 
1270784 
1270856 
1270864 
1270876 
1270888 
1270964 
1270972 
1270988 
1271040 
1271112 
1271140 
1271164 
1271176 
1271180 
1271184 
1271244 
1271260 
1271272 
1271276 
1271320 
1271400 
1271412 
1271436 
1271436 
1271512 
1271516 
1271550 
1271556 
1271580 
1271584 
1271608 
1271672 
1271680 
1271686 
1271708 
1271748 
1271800 
1271817 
1271840 
1271856 
1271876 
1271888 
1271912 
1271964 
1271980 
1272016 
1272028 
1272051 
1272052 
1272120 
1272133 
1272168 
1272244 
1272252 
1272316 
1272360 
1272416 
1272520 
1272548 
1272552 
1272556 
1272612 
1272616 
1272636 
1272644 
1272652 
1272682 
1272688 
1272708 
1272720 
1272774 
1272776 
1272820 
1272836 
1272852 
1272856 
1272864 
1272870 
1272872 
1272924 
1272944 
1272968 
1273056 
1273084 
1273092 
1273108 
1273112 
1273112 
1273124 
1273200 
1273268 
1273308 
1273340 
1273343 
1273412 
1273424 
1273432 
1273438 
1273448 
1273464 
1273468 
1273472 
1273508 
1273512 
1273528 
1273544 
1273564 
1273576 
1273616 
1273624 
1273660 
1273664 
1273672 
1273696 
1273708 
1273712 
1273736 
1273764 
1273808 
1273824 
1273828 
1273848 
1273892 
1273896 
1273916 
1273952 
1273968 
1274004 
1274030 
1274032 
1274032 
1274040 
1274076 
1274096 
1274132 
1274156 
1274172 
1274204 
1274232 
1274244 
1274328 
1274348 
1274364 
1274400 
1274416 
1274416 
1274532 
1274548 
1274556 
1274586 
1274588 
1274596 
1274606 
1274608 
1274628 
1274660 
1274684 
1274684 
1274752 
1274768 
1274775 
1274776 
1274804 
1274808 
1274808 
1274840 
1274852 
1274876 
1274900 
1274948 
1274968 
1274986 
1275000 
1275000 
1275032 
1275032 
1275040 
1275043 
1275080 
1275144 
1275160 
1275164 
1275220 
1275224 
1275234 
1275237 
1275252 
1275264 
1275316 
1275328 
1275330 
1275332 
1275380 
1275396 
1275428 
1275448 
1275460 
1275476 
1275492 
1275540 
1275556 
1275568 
1275572 
1275584 
1275600 
1275608 
1275620 
1275668 
1275672 
1275676 
1275684 
1275700 
1275700 
1275723 
1275732 
1275732 
1275756 
1275772 
1275776 
1275776 
1275780 
1275800 
1275812 
1275828 
1275836 
1275840 
1275844 
1275851 
1275852 
1275884 
1275904 
1275912 
1275928 
1275936 
1275948 
1275988 
1275994 
1276044 
1276051 
1276056 
1276060 
1276080 
1276128 
1276128 
1276172 
1276232 
1276268 
1276268 
1276280 
1276288 
1276288 
1276308 
1276320 
1276344 
1276348 
1276352 
1276352 
1276364 
1276380 
1276396 
1276404 
1276420 
1276452 
1276464 
1276464 
1276480 
1276497 
1276530 
1276536 
1276548 
1276596 
1276628 
1276632 
1276642 
1276656 
1276664 
1276672 
1276672 
1276674 
1276676 
1276680 
1276754 
1276756 
1276760 
1276766 
1276766 
1276784 
1276820 
1276820 
1276824 
1276832 
1276836 
1276836 
1276868 
1276910 
1276932 
1276992 
1277020 
1277020 
1277022 
1277028 
1277040 
1277040 
1277084 
1277092 
1277106 
1277112 
1277140 
1277144 
1277163 
1277180 
1277196 
1277228 
1277256 
1277260 
1277268 
1277268 
1277268 
1277304 
1277316 
1277320 
1277348 
1277356 
1277376 
1277384 
1277388 
1277410 
1277424 
1277424 
1277452 
1277454 
1277460 
1277472 
1277472 
1277488 
1277524 
1277528 
1277540 
1277544 
1277544 
1277544 
1277560 
1277588 
1277596 
1277604 
1277616 
1277620 
1277624 
1277636 
1277668 
1277668 
1277676 
1277688 
1277692 
1277696 
1277696 
1277720 
1277724 
1277744 
1277752 
1277764 
1277796 
1277808 
1277812 
1277816 
1277816 
1277852 
1277860 
1277868 
1277884 
1277920 
1277936 
1277944 
1277972 
1277992 
1277992 
1278012 
1278012 
1278016 
1278024 
1278029 
1278036 
1278040 
1278048 
1278060 
1278072 
1278076 
1278077 
1278084 
1278092 
1278096 
1278112 
1278120 
1278120 
1278128 
1278136 
1278172 
1278174 
1278181 
1278220 
1278228 
1278232 
1278234 
1278278 
1278280 
1278312 
1278320 
1278328 
1278332 
1278336 
1278344 
1278348 
1278356 
1278380 
1278408 
1278424 
1278428 
1278428 
1278460 
1278469 
1278472 
1278476 
1278496 
1278496 
1278500 
1278504 
1278508 
1278508 
1278524 
1278524 
1278524 
1278532 
1278540 
1278544 
1278552 
1278560 
1278568 
1278592 
1278604 
1278628 
1278684 
1278688 
1278688 
1278708 
1278712 
1278736 
1278740 
1278744 
1278748 
1278748 
1278796 
1278804 
1278808 
1278824 
1278834 
1278844 
1278848 
1278852 
1278896 
1278900 
1278912 
1278912 
1278920 
1278926 
1278940 
1278964 
1278972 
1278981 
1278996 
1279008 
1279012 
1279020 
1279024 
1279032 
1279044 
1279048 
1279060 
1279064 
1279076 
1279080 
1279096 
1279104 
1279116 
1279118 
1279120 
1279120 
1279122 
1279130 
1279136 
1279140 
1279152 
1279184 
1279188 
1279196 
1279196 
1279216 
1279224 
1279224 
1279228 
1279244 
1279252 
1279256 
1279263 
1279264 
1279292 
1279300 
1279300 
1279304 
1279324 
1279328 
1279344 
1279368 
1279368 
1279376 
1279392 
1279404 
1279416 
1279420 
1279428 
1279440 
1279445 
1279452 
1279452 
1279456 
1279472 
1279480 
1279484 
1279494 
1279496 
1279500 
1279504 
1279512 
1279520 
1279522 
1279528 
1279540 
1279556 
1279576 
1279584 
1279608 
1279616 
1279620 
1279624 
1279628 
1279628 
1279632 
1279640 
1279640 
1279648 
1279676 
1279684 
1279696 
1279700 
1279704 
1279708 
1279720 
1279724 
1279728 
1279728 
1279738 
1279740 
1279752 
1279752 
1279752 
1279764 
1279784 
1279784 
1279792 
1279792 
1279800 
1279824 
1279828 
1279828 
1279828 
1279836 
1279840 
1279856 
1279862 
1279864 
1279880 
1279880 
1279880 
1279888 
1279892 
1279894 
1279896 
1279900 
1279908 
1279908 
1279912 
1279920 
1279936 
1279940 
1279944 
1279948 
1279956 
1279964 
1279972 
1279976 
1279980 
1279984 
1279996 
1280008 
1280008 
1280024 
1280032 
1280036 
1280036 
1280036 
1280048 
1280052 
1280056 
1280064 
1280064 
1280072 
1280076 
1280084 
1280084 
1280100 
1280104 
1280104 
1280108 
1280128 
1280136 
1280148 
1280156 
1280164 
1280172 
1280180 
1280192 
1280192 
1280192 
1280196 
1280204 
1280204 
1280208 
1280216 
1280216 
1280236 
1280244 
1280250 
1280256 
1280267 
1280268 
1280268 
1280272 
1280280 
1280284 
1280288 
1280292 
1280304 
1280308 
1280312 
1280316 
1280316 
1280332 
1280332 
1280334 
1280344 
1280344 
1280356 
1280356 
1280368 
1280368 
1280372 
1280376 
1280376 
1280384 
1280388 
1280392 
1280396 
1280396 
1280400 
1280404 
1280404 
1280412 
1280416 
1280416 
1280416 
1280420 
1280424 
1280424 
1280428 
1280439 
1280444 
1280444 
1280444 
1280452 
1280458 
1280460 
1280460 
1280464 
1280464 
1280468 
1280468 
1280468 
1280469 
1280488 
1280488 
1280496 
1280500 
1280508 
1280508 
1280512 
1280512 
1280520 
1280524 
1280533 
1280544 
1280544 
1280544 
1280552 
1280552 
1280556 
1280556 
1280560 
1280568 
1280572 
1280572 
1280572 
1280588 
1280592 
1280596 
1280596 
1280596 
1280596 
1280604 
1280608 
1280612 
1280632 
1280636 
1280640 
1280644 
1280648 
1280652 
1280652 
1280656 
1280656 
1280668 
1280674 
1280676 
1280676 
1280676 
1280680 
1280680 
1280680 
1280684 
1280688 
1280688 
1280692 
1280696 
1280700 
1280700 
1280704 
1280704 
1280708 
1280708 
1280712 
1280720 
1280724 
1280728 
1280736 
1280736 
1280748 
1280764 
1280768 
1280771 
1280776 
1280780 
1280788 
1280788 
1280790 
1280792 
1280796 
1280803 
1280804 
1280804 
1280808 
1280808 
1280808 
1280812 
1280812 
1280816 
1280820 
1280820 
1280824 
1280824 
1280824 
1280827 
1280828 
1280832 
1280832 
1280832 
1280836 
1280836 
1280840 
1280840 
1280840 
1280844 
1280844 
1280844 
1280844 
1280844 
1280848 
1280852 
1280856 
1280864 
1280871 
1280872 
1280872 
1280872 
1280876 
1280876 
1280876 
1280876 
1280880 
1280880 
1280884 
1280884 
1280888 
1280888 
1280892 
1280892 
1280896 
1280900 
1280908 
1280912 
1280912 
1280916 
1280916 
1280916 
1280920 
1280928 
1280928 
1280936 
1280936 
1280940 
1280948 
1280952 
1280952 
1280952 
1280956 
1280956 
1280960 
1280960 
1280964 
1280968 
1280968 
1280968 
1280972 
1280972 
1280976 
1280980 
1280984 
1280984 
1280988 
1280992 
1280996 
1281000 
1281000 
1281000 
1281000 
1281000 
1281000 
1281000 
1281004 
1281008 
1281016 
1281016 
1281020 
1281020 
1281020 
1281028 
1281028 
1281032 
1281032 
1281036 
1281036 
1281036 
1281040 
1281040 
1281040 
1281044 
1281048 
1281060 
1281060 
1281060 
1281068 
1281072 
1281072 
1281080 
1281088 
1281088 
1281088 
1281096 
1281096 
1281100 
1281101 
1281104 
1281104 
1281116 
1281116 
1281116 
1281116 
1281124 
1281128 
1281128 
1281128 
1281132 
1281143 
1281148 
1281152 
1281152 
1281156 
1281160 
1281160 
1281164 
1281168 
1281172 
1281176 
1281180 
1281180 
1281180 
1281184 
1281184 
1281188 
1281192 
1281192 
1281200 
1281204 
1281204 
1281204 
1281208 
1281208 
1281216 
1281216 
1281216 
1281224 
1281228 
1281228 
1281228 
1281236 
1281236 
1281240 
1281240 
1281240 
1281240 
1281244 
1281244 
1281252 
1281256 
1281264 
1281272 
1281272 
1281276 
1281288 
1281288 
1281292 
1281296 
1281296 
1281297 
1281300 
1281300 
1281300 
1281308 
1281312 
1281312 
1281316 
1281316 
1281320 
1281328 
1281328 
1281337 
1281348 
1281352 
1281352 
1281364 
1281364 
1281368 
1281372 
1281376 
1281384 
1281388 
1281388 
1281396 
1281396 
1281396 
1281396 
1281396 
1281400 
1281400 
1281404 
1281412 
1281416 
1281420 
1281424 
1281428 
1281430 
1281432 
1281432 
1281432 
1281432 
1281434 
1281438 
1281440 
1281440 
1281448 
1281448 
1281452 
1281456 
1281464 
1281464 
1281466 
1281468 
1281472 
1281472 
1281476 
1281484 
1281484 
1281484 
1281492 
1281500 
1281500 
1281500 
1281501 
1281504 
1281504 
1281506 
1281508 
1281508 
1281508 
1281510 
1281512 
1281512 
1281516 
1281519 
1281524 
1281528 
1281528 
1281532 
1281536 
1281536 
1281536 
1281537 
1281540 
1281540 
1281540 
1281540 
1281544 
1281544 
1281548 
1281548 
1281548 
1281548 
1281552 
1281552 
1281552 
1281555 
1281556 
1281556 
1281564 
1281564 
1281568 
1281568 
1281569 
1281572 
1281572 
1281572 
1281572 
1281576 
1281576 
1281576 
1281584 
1281584 
1281588 
1281592 
1281592 
1281592 
1281592 
1281592 
1281595 
1281596 
1281596 
1281600 
1281600 
1281600 
1281600 
1281604 
1281608 
1281608 
1281612 
1281616 
1281616 
1281618 
1281620 
1281620 
1281620 
1281624 
1281628 
1281628 
1281628 
1281630 
1281632 
1281632 
1281632 
1281636 
1281640 
1281640 
1281644 
1281648 
1281648 
1281652 
1281654 
1281656 
1281656 
1281656 
1281660 
1281664 
1281672 
1281676 
1281676 
1281676 
1281681 
1281684 
1281688 
1281688 
1281696 
1281696 
1281700 
1281700 
1281700 
1281700 
1281704 
1281708 
1281712 
1281712 
1281712 
1281712 
1281720 
1281724 
1281728 
1281729 
1281734 
1281744 
1281744 
1281752 
1281752 
1281752 
1281756 
1281756 
1281760 
1281764 
1281772 
1281774 
1281776 
1281776 
1281776 
1281776 
1281780 
1281780 
1281780 
1281780 
1281780 
1281780 
1281784 
1281792 
1281792 
1281792 
1281794 
1281800 
1281800 
1281800 
1281800 
1281804 
1281804 
1281804 
1281808 
1281816 
1281816 
1281816 
1281824 
1281834 
1281836 
1281836 
1281836 
1281840 
1281844 
1281848 
1281852 
1281852 
1281856 
1281856 
1281858 
1281860 
1281860 
1281860 
1281860 
1281860 
1281864 
1281870 
1281872 
1281872 
1281876 
1281876 
1281880 
1281884 
1281884 
1281888 
1281888 
1281892 
1281896 
1281896 
1281900 
1281900 
1281900 
1281900 
1281900 
1281904 
1281904 
1281904 
1281904 
1281908 
1281908 
1281916 
1281920 
1281920 
1281920 
1281920 
1281924 
1281928 
1281928 
1281932 
1281936 
1281936 
1281940 
1281940 
1281943 
1281944 
1281948 
1281948 
1281952 
1281952 
1281952 
1281952 
1281952 
1281956 
1281956 
1281956 
1281960 
1281960 
1281968 
1281979 
1281980 
1281980 
1281984 
1281988 
1281988 
1281988 
1281988 
1281992 
1281992 
1281992 
1281996 
1282000 
1282002 
1282004 
1282004 
1282008 
1282008 
1282016 
1282016 
1282020 
1282020 
1282020 
1282022 
1282024 
1282032 
1282036 
1282036 
1282036 
1282036 
1282040 
1282040 
1282044 
1282044 
1282044 
1282044 
1282048 
1282052 
1282052 
1282052 
1282054 
1282056 
1282056 
1282056 
1282060 
1282062 
1282064 
1282064 
1282064 
1282068 
1282068 
1282068 
1282072 
1282072 
1282072 
1282072 
1282074 
1282076 
1282076 
1282077 
1282077 
1282080 
1282080 
1282084 
1282084 
1282084 
1282094 
1282096 
1282096 
1282100 
1282100 
1282100 
1282104 
1282104 
1282104 
1282104 
1282108 
1282108 
1282112 
1282112 
1282116 
1282116 
1282116 
1282120 
1282122 
1282122 
1282124 
1282128 
1282128 
1282128 
1282128 
1282132 
1282136 
1282136 
1282136 
1282136 
1282140 
1282142 
1282144 
1282144 
1282144 
1282148 
1282152 
1282156 
1282160 
1282160 
1282160 
1282164 
1282166 
1282168 
1282168 
1282172 
1282176 
1282180 
1282184 
1282186 
1282188 
1282188 
1282188 
1282192 
1282192 
1282192 
1282192 
1282196 
1282196 
1282196 
1282200 
1282204 
1282206 
1282208 
1282208 
1282212 
1282216 
1282216 
1282220 
1282221 
1282226 
1282230 
1282232 
1282232 
1282240 
1282240 
1282244 
1282244 
1282244 
1282244 
1282246 
1282252 
1282252 
1282252 
1282252 
1282256 
1282256 
1282260 
1282260 
1282260 
1282264 
1282264 
1282268 
1282268 
1282272 
1282280 
1282280 
1282280 
1282280 
1282288 
1282292 
1282292 
1282296 
1282300 
1282300 
1282300 
1282300 
1282304 
1282304 
1282308 
1282308 
1282316 
1282316 
1282316 
1282316 
1282320 
1282320 
1282324 
1282326 
1282328 
1282328 
1282332 
1282332 
1282336 
1282336 
1282336 
1282336 
1282336 
1282336 
1282338 
1282340 
1282340 
1282340 
1282344 
1282344 
1282344 
1282352 
1282352 
1282356 
1282356 
1282359 
1282360 
1282360 
1282360 
1282362 
1282364 
1282364 
1282364 
1282364 
1282368 
1282372 
1282372 
1282374 
1282376 
1282376 
1282376 
1282376 
1282376 
1282380 
1282380 
1282382 
1282388 
1282388 
1282388 
1282388 
1282392 
1282396 
1282396 
1282396 
1282396 
1282400 
1282400 
1282401 
1282404 
1282404 
1282408 
1282408 
1282410 
1282412 
1282412 
1282412 
1282412 
1282412 
1282416 
1282416 
1282416 
1282416 
1282419 
1282420 
1282420 
1282420 
1282420 
1282422 
1282424 
1282424 
1282424 
1282428 
1282428 
1282428 
1282436 
1282436 
1282436 
1282437 
1282440 
1282440 
1282440 
1282444 
1282444 
1282444 
1282444 
1282448 
1282448 
1282452 
1282452 
1282452 
1282456 
1282456 
1282456 
1282460 
1282464 
1282464 
1282464 
1282464 
1282464 
1282468 
1282468 
1282468 
1282468 
1282468 
1282468 
1282472 
1282474 
1282476 
1282476 
1282476 
1282480 
1282480 
1282480 
1282484 
1282484 
1282488 
1282488 
1282488 
1282491 
1282496 
1282496 
1282496 
1282504 
1282504 
1282508 
1282508 
1282512 
1282512 
1282516 
1282516 
1282518 
1282520 
1282520 
1282520 
1282528 
1282528 
1282528 
1282528 
1282532 
1282532 
1282536 
1282536 
1282536 
1282540 
1282540 
1282540 
1282540 
1282540 
1282544 
1282544 
1282544 
1282548 
1282552 
1282554 
1282556 
1282556 
1282556 
1282560 
1282560 
1282564 
1282568 
1282572 
1282572 
1282573 
1282576 
1282576 
1282576 
1282576 
1282580 
1282584 
1282584 
1282588 
1282588 
1282588 
1282588 
1282592 
1282592 
1282592 
1282592 
1282596 
1282596 
1282596 
1282596 
1282600 
1282600 
1282600 
1282603 
1282604 
1282604 
1282604 
1282608 
1282608 
1282608 
1282608 
1282608 
1282608 
1282612 
1282612 
1282616 
1282616 
1282616 
1282616 
1282616 
1282616 
1282617 
1282618 
1282620 
1282620 
1282622 
1282624 
1282624 
1282628 
1282628 
1282628 
1282632 
1282632 
1282632 
1282632 
1282632 
1282636 
1282636 
1282638 
1282640 
1282640 
1282643 
1282643 
1282648 
1282648 
1282648 
1282648 
1282648 
1282648 
1282648 
1282648 
1282648 
1282652 
1282652 
1282652 
1282652 
1282653 
1282653 
1282656 
1282660 
1282660 
1282662 
1282664 
1282664 
1282664 
1282670 
1282671 
1282672 
1282672 
1282672 
1282672 
1282672 
1282672 
1282676 
1282676 
1282680 
1282680 
1282684 
1282688 
1282688 
1282688 
1282688 
1282688 
1282692 
1282692 
1282692 
1282692 
1282696 
1282700 
1282700 
1282700 
1282700 
1282700 
1282703 
1282704 
1282704 
1282704 
1282707 
1282707 
1282707 
1282708 
1282708 
1282708 
1282712 
1282712 
1282712 
1282712 
1282712 
1282712 
1282716 
1282716 
1282716 
1282716 
1282716 
1282720 
1282722 
1282724 
1282724 
1282728 
1282728 
1282728 
1282731 
1282732 
1282732 
1282732 
1282732 
1282732 
1282732 
1282732 
1282732 
1282734 
1282736 
1282736 
1282736 
1282740 
1282740 
1282740 
1282740 
1282740 
1282742 
1282744 
1282744 
1282744 
1282744 
1282744 
1282747 
1282748 
1282748 
1282748 
1282748 
1282748 
1282748 
1282752 
1282752 
1282756 
1282756 
1282756 
1282756 
1282756 
1282756 
1282760 
1282760 
1282760 
1282760 
1282760 
1282760 
1282762 
1282762 
1282764 
1282764 
1282764 
1282764 
1282768 
1282768 
1282768 
1282768 
1282768 
1282770 
1282772 
1282776 
1282776 
1282779 
1282779 
1282780 
1282780 
1282782 
1282784 
1282784 
1282784 
1282784 
1282788 
1282788 
1282792 
1282792 
1282792 
1282796 
1282796 
1282796 
1282796 
1282800 
1282800 
1282800 
1282804 
1282804 
1282804 
1282806 
1282806 
1282808 
1282812 
1282812 
1282812 
1282814 
1282816 
1282824 
1282824 
1282824 
1282828 
1282828 
1282832 
1282832 
1282832 
1282832 
1282833 
1282833 
1282836 
1282836 
1282836 
1282840 
1282840 
1282840 
1282840 
1282840 
1282844 
1282844 
1282844 
1282846 
1282848 
1282848 
1282852 
1282852 
1282852 
1282852 
1282855 
1282856 
1282856 
1282860 
1282860 
1282860 
1282860 
1282864 
1282864 
1282864 
1282864 
1282864 
1282868 
1282868 
1282868 
1282868 
1282872 
1282872 
1282872 
1282872 
1282872 
1282876 
1282876 
1282876 
1282876 
1282876 
1282876 
1282880 
1282880 
1282880 
1282884 
1282884 
1282884 
1282888 
1282888 
1282888 
1282888 
1282888 
1282888 
1282888 
1282888 
1282888 
1282892 
1282892 
1282892 
1282896 
1282896 
1282896 
1282896 
1282896 
1282900 
1282900 
1282900 
1282900 
1282904 
1282904 
1282904 
1282904 
1282905 
1282905 
1282908 
1282908 
1282908 
1282912 
1282912 
1282912 
1282912 
1282914 
1282916 
1282924 
1282926 
1282928 
1282928 
1282928 
1282928 
1282928 
1282932 
1282932 
1282932 
1282932 
1282932 
1282932 
1282932 
1282936 
1282936 
1282940 
1282940 
1282940 
1282940 
1282940 
1282941 
1282941 
1282944 
1282944 
1282944 
1282944 
1282948 
1282948 
1282948 
1282948 
1282952 
1282952 
1282952 
1282956 
1282956 
1282956 
1282956 
1282956 
1282956 
1282956 
1282956 
1282958 
1282958 
1282959 
1282960 
1282960 
1282960 
1282960 
1282964 
1282964 
1282964 
1282964 
1282968 
1282968 
1282968 
1282972 
1282972 
1282972 
1282976 
1282976 
1282976 
1282976 
1282977 
1282977 
1282980 
1282980 
1282984 
1282984 
1282984 
1282984 
1282984 
1282984 
1282984 
1282984 
1282984 
1282986 
1282988 
1282988 
1282988 
1282988 
1282988 
1282988 
1282992 
1282992 
1282992 
1282992 
1282992 
1282996 
1282996 
1282996 
1282998 
1283000 
1283000 
1283000 
1283000 
1283000 
1283004 
1283008 
1283008 
1283012 
1283012 
1283012 
1283016 
1283016 
1283016 
1283019 
1283020 
1283020 
1283020 
1283020 
1283024 
1283024 
1283024 
1283028 
1283028 
1283030 
1283032 
1283032 
1283032 
1283036 
1283036 
1283036 
1283036 
1283036 
1283036 
1283040 
1283040 
1283040 
1283040 
1283044 
1283044 
1283044 
1283044 
1283044 
1283044 
1283044 
1283047 
1283048 
1283048 
1283048 
1283050 
1283052 
1283052 
1283054 
1283056 
1283056 
1283060 
1283060 
1283060 
1283060 
1283061 
1283064 
1283064 
1283064 
1283064 
1283064 
1283067 
1283068 
1283068 
1283068 
1283068 
1283068 
1283068 
1283070 
1283072 
1283072 
1283072 
1283072 
1283076 
1283076 
1283076 
1283080 
1283080 
1283080 
1283080 
1283082 
1283082 
1283084 
1283084 
1283084 
1283084 
1283088 
1283088 
1283088 
1283088 
1283090 
1283092 
1283092 
1283092 
1283094 
1283096 
1283096 
1283096 
1283100 
1283100 
1283100 
1283102 
1283104 
1283104 
1283104 
1283104 
1283104 
1283104 
1283108 
1283108 
1283108 
1283116 
1283116 
1283116 
1283116 
1283116 
1283116 
1283116 
1283117 
1283120 
1283120 
1283124 
1283124 
1283124 
1283124 
1283124 
1283124 
1283128 
1283128 
1283128 
1283128 
1283132 
1283132 
1283132 
1283132 
1283136 
1283136 
1283136 
1283136 
1283136 
1283136 
1283136 
1283139 
1283139 
1283140 
1283140 
1283140 
1283144 
1283148 
1283148 
1283148 
1283148 
1283148 
1283148 
1283148 
1283152 
1283152 
1283152 
1283152 
1283154 
1283154 
1283156 
1283156 
1283156 
1283156 
1283160 
1283160 
1283160 
1283160 
1283160 
1283160 
1283164 
1283164 
1283164 
1283164 
1283164 
1283164 
1283164 
1283164 
1283168 
1283168 
1283168 
1283172 
1283172 
1283172 
1283172 
1283172 
1283172 
1283172 
1283172 
1283174 
1283176 
1283176 
1283176 
1283176 
1283180 
1283180 
1283180 
1283180 
1283180 
1283180 
1283184 
1283184 
1283184 
1283184 
1283184 
1283184 
1283184 
1283188 
1283188 
1283188 
1283191 
1283192 
1283192 
1283192 
1283192 
1283193 
1283196 
1283196 
1283196 
1283196 
1283196 
1283196 
1283200 
1283200 
1283200 
1283200 
1283200 
1283204 
1283204 
1283204 
1283204 
1283208 
1283208 
1283208 
1283208 
1283208 
1283208 
1283209 
1283212 
1283212 
1283212 
1283212 
1283212 
1283214 
1283216 
1283216 
1283216 
1283216 
1283216 
1283219 
1283219 
1283220 
1283220 
1283220 
1283220 
1283220 
1283224 
1283224 
1283224 
1283224 
1283224 
1283228 
1283228 
1283228 
1283228 
1283228 
1283228 
1283228 
1283228 
1283232 
1283232 
1283232 
1283232 
1283232 
1283232 
1283232 
1283236 
1283236 
1283238 
1283240 
1283240 
1283240 
1283240 
1283240 
1283240 
1283244 
1283244 
1283244 
1283244 
1283244 
1283247 
1283248 
1283248 
1283248 
1283248 
1283252 
1283252 
1283252 
1283252 
1283252 
1283252 
1283252 
1283256 
1283256 
1283256 
1283256 
1283256 
1283256 
1283256 
1283256 
1283256 
1283256 
1283259 
1283260 
1283260 
1283260 
1283260 
1283260 
1283260 
1283260 
1283264 
1283264 
1283264 
1283264 
1283264 
1283266 
1283266 
1283266 
1283268 
1283268 
1283268 
1283268 
1283268 
1283272 
1283272 
1283272 
1283272 
1283272 
1283272 
1283272 
1283274 
1283274 
1283276 
1283276 
1283276 
1283276 
1283276 
1283276 
1283280 
1283280 
1283280 
1283280 
1283284 
1283284 
1283284 
1283284 
1283284 
1283286 
1283286 
1283288 
1283288 
1283288 
1283288 
1283288 
1283291 
1283292 
1283292 
1283292 
1283292 
1283292 
1283292 
1283292 
1283296 
1283296 
1283296 
1283296 
1283296 
1283296 
1283296 
1283296 
1283296 
1283300 
1283300 
1283300 
1283301 
1283303 
1283304 
1283304 
1283304 
1283304 
1283308 
1283308 
1283308 
1283308 
1283312 
1283312 
1283313 
1283316 
1283316 
1283316 
1283316 
1283316 
1283316 
1283316 
1283318 
1283319 
1283319 
1283320 
1283320 
1283320 
1283320 
1283320 
1283320 
1283321 
1283324 
1283324 
1283324 
1283324 
1283328 
1283328 
1283328 
1283328 
1283328 
1283328 
1283328 
1283328 
1283328 
1283328 
1283332 
1283332 
1283336 
1283336 
1283336 
1283336 
1283336 
1283336 
1283336 
1283336 
1283337 
1283337 
1283340 
1283340 
1283340 
1283340 
1283340 
1283340 
1283340 
1283340 
1283340 
1283344 
1283344 
1283344 
1283344 
1283344 
1283344 
1283344 
1283346 
1283348 
1283348 
1283348 
1283348 
1283348 
1283348 
1283348 
1283348 
1283348 
1283352 
1283352 
1283352 
1283352 
1283352 
1283353 
1283356 
1283356 
1283356 
1283356 
1283356 
1283356 
1283360 
1283360 
1283360 
1283360 
1283360 
1283360 
1283360 
1283360 
1283360 
1283364 
1283364 
1283364 
1283364 
1283364 
1283364 
1283364 
1283364 
1283364 
1283368 
1283368 
1283368 
1283368 
1283368 
1283372 
1283372 
1283372 
1283376 
1283376 
1283376 
1283376 
1283376 
1283376 
1283380 
1283380 
1283380 
1283380 
1283380 
1283382 
1283382 
1283382 
1283384 
1283384 
1283384 
1283384 
1283388 
1283388 
1283388 
1283388 
1283388 
1283388 
1283388 
1283388 
1283390 
1283391 
1283392 
1283392 
1283392 
1283392 
1283392 
1283392 
1283392 
1283392 
1283396 
1283396 
1283396 
1283396 
1283396 
1283396 
1283396 
1283400 
1283400 
1283400 
1283400 
1283404 
1283408 
1283408 
1283408 
1283408 
1283412 
1283412 
1283412 
1283412 
1283412 
1283412 
1283412 
1283412 
1283416 
1283416 
1283416 
1283416 
1283420 
1283420 
1283420 
1283420 
1283420 
1283420 
1283420 
1283424 
1283424 
1283424 
1283424 
1283424 
1283424 
1283428 
1283428 
1283428 
1283428 
1283428 
1283428 
1283428 
1283432 
1283432 
1283432 
1283432 
1283432 
1283432 
1283432 
1283432 
1283432 
1283432 
1283432 
1283435 
1283435 
1283436 
1283436 
1283436 
1283436 
1283436 
1283436 
1283440 
1283440 
1283440 
1283442 
1283442 
1283442 
1283444 
1283444 
1283444 
1283444 
1283444 
1283444 
1283444 
1283448 
1283448 
1283448 
1283452 
1283452 
1283452 
1283452 
1283452 
1283452 
1283456 
1283456 
1283456 
1283456 
1283456 
1283456 
1283460 
1283460 
1283460 
1283460 
1283460 
1283460 
1283462 
1283463 
1283463 
1283464 
1283464 
1283464 
1283464 
1283464 
1283464 
1283464 
1283464 
1283464 
1283464 
1283468 
1283468 
1283468 
1283468 
1283468 
1283468 
1283468 
1283468 
1283472 
1283472 
1283472 
1283472 
1283472 
1283472 
1283472 
1283472 
1283476 
1283476 
1283480 
1283480 
1283480 
1283480 
1283480 
1283480 
1283481 
1283484 
1283484 
1283484 
1283488 
1283488 
1283488 
1283488 
1283488 
1283492 
1283492 
1283492 
1283492 
1283492 
1283494 
1283496 
1283496 
1283496 
1283496 
1283496 
1283496 
1283499 
1283500 
1283500 
1283500 
1283500 
1283500 
1283504 
1283504 
1283504 
1283504 
1283504 
1283504 
1283504 
1283506 
1283507 
1283508 
1283508 
1283508 
1283508 
1283508 
1283508 
1283508 
1283508 
1283508 
1283511 
1283512 
1283512 
1283512 
1283512 
1283512 
1283512 
1283512 
1283516 
1283516 
1283516 
1283516 
1283516 
1283520 
1283520 
1283520 
1283520 
1283520 
1283520 
1283520 
1283520 
1283520 
1283520 
1283522 
1283522 
1283524 
1283524 
1283524 
1283524 
1283524 
1283524 
1283525 
1283526 
1283528 
1283528 
1283528 
1283532 
1283532 
1283532 
1283532 
1283532 
1283532 
1283532 
1283532 
1283534 
1283534 
1283536 
1283536 
1283536 
1283536 
1283536 
1283536 
1283536 
1283540 
1283540 
1283540 
1283540 
1283540 
1283540 
1283540 
1283540 
1283540 
1283540 
1283544 
1283544 
1283544 
1283544 
1283544 
1283544 
1283544 
1283544 
1283544 
1283544 
1283544 
1283544 
1283544 
1283548 
1283548 
1283548 
1283552 
1283552 
1283552 
1283552 
1283552 
1283552 
1283553 
1283554 
1283556 
1283556 
1283560 
1283560 
1283560 
1283560 
1283560 
1283560 
1283564 
1283564 
1283564 
1283564 
1283568 
1283568 
1283568 
1283568 
1283568 
1283568 
1283568 
1283568 
1283568 
1283571 
1283572 
1283572 
1283572 
1283572 
1283572 
1283572 
1283572 
1283574 
1283576 
1283576 
1283576 
1283576 
1283576 
1283576 
1283576 
1283580 
1283580 
1283580 
1283580 
1283580 
1283580 
1283584 
1283584 
1283584 
1283584 
1283584 
1283584 
1283584 
1283584 
1283585 
1283588 
1283588 
1283588 
1283588 
1283588 
1283588 
1283588 
1283589 
1283589 
1283592 
1283592 
1283592 
1283592 
1283592 
1283592 
1283592 
1283592 
1283592 
1283596 
1283596 
1283596 
1283596 
1283596 
1283596 
1283598 
1283600 
1283600 
1283600 
1283600 
1283600 
1283604 
1283604 
1283604 
1283604 
1283604 
1283608 
1283608 
1283608 
1283608 
1283608 
1283612 
1283612 
1283612 
1283612 
1283612 
1283612 
1283616 
1283616 
1283616 
1283616 
1283616 
1283616 
1283620 
1283620 
1283620 
1283621 
1283621 
1283624 
1283624 
1283624 
1283624 
1283624 
1283624 
1283624 
1283624 
1283625 
1283626 
1283626 
1283626 
1283628 
1283628 
1283628 
1283628 
1283628 
1283628 
1283632 
1283632 
1283632 
1283632 
1283632 
1283632 
1283636 
1283636 
1283636 
1283636 
1283636 
1283636 
1283636 
1283640 
1283640 
1283640 
1283640 
1283640 
1283640 
1283640 
1283641 
1283644 
1283644 
1283644 
1283648 
1283648 
1283648 
1283648 
1283648 
1283648 
1283648 
1283648 
1283648 
1283652 
1283652 
1283652 
1283652 
1283652 
1283656 
1283656 
1283656 
1283656 
1283656 
1283656 
1283656 
1283656 
1283656 
1283656 
1283656 
1283658 
1283660 
1283664 
1283664 
1283664 
1283665 
1283668 
1283668 
1283668 
1283668 
1283668 
1283672 
1283672 
1283672 
1283672 
1283672 
1283672 
1283672 
1283676 
1283676 
1283676 
1283676 
1283676 
1283676 
1283676 
1283680 
1283680 
1283680 
1283680 
1283680 
1283680 
1283680 
1283680 
1283680 
1283680 
1283684 
1283684 
1283688 
1283688 
1283688 
1283688 
1283688 
1283688 
1283690 
1283692 
1283692 
1283692 
1283692 
1283696 
1283696 
1283696 
1283696 
1283696 
1283700 
1283700 
1283700 
1283700 
1283700 
1283704 
1283704 
1283704 
1283704 
1283704 
1283704 
1283704 
1283704 
1283708 
1283708 
1283708 
1283712 
1283712 
1283712 
1283712 
1283712 
1283712 
1283716 
1283716 
1283716 
1283716 
1283720 
1283720 
1283724 
1283724 
1283728 
1283728 
1283728 
1283728 
1283728 
1283728 
1283728 
1283728 
1283730 
1283732 
1283732 
1283732 
1283732 
1283732 
1283736 
1283736 
1283736 
1283736 
1283736 
1283736 
1283736 
1283736 
1283736 
1283736 
1283736 
1283736 
1283740 
1283740 
1283740 
1283740 
1283740 
1283744 
1283744 
1283744 
1283744 
1283744 
1283744 
1283748 
1283748 
1283748 
1283748 
1283748 
1283748 
1283748 
1283748 
1283751 
1283751 
1283752 
1283752 
1283752 
1283756 
1283756 
1283756 
1283760 
1283760 
1283760 
1283760 
1283760 
1283764 
1283764 
1283764 
1283764 
1283768 
1283768 
1283772 
1283772 
1283776 
1283776 
1283776 
1283776 
1283776 
1283776 
1283776 
1283776 
1283776 
1283780 
1283780 
1283780 
1283780 
1283780 
1283780 
1283784 
1283784 
1283784 
1283784 
1283784 
1283784 
1283788 
1283788 
1283792 
1283792 
1283792 
1283792 
1283792 
1283792 
1283792 
1283792 
1283792 
1283792 
1283796 
1283796 
1283796 
1283796 
1283796 
1283796 
1283800 
1283800 
1283800 
1283800 
1283802 
1283802 
1283804 
1283804 
1283804 
1283804 
1283804 
1283805 
1283805 
1283808 
1283808 
1283808 
1283812 
1283812 
1283812 
1283812 
1283812 
1283812 
1283812 
1283816 
1283816 
1283816 
1283816 
1283820 
1283822 
1283822 
1283824 
1283824 
1283828 
1283828 
1283828 
1283828 
1283828 
1283828 
1283828 
1283830 
1283832 
1283832 
1283832 
1283832 
1283832 
1283832 
1283832 
1283834 
1283836 
1283836 
1283836 
1283836 
1283836 
1283838 
1283840 
1283840 
1283840 
1283840 
1283840 
1283844 
1283844 
1283844 
1283844 
1283844 
1283848 
1283848 
1283849 
1283852 
1283852 
1283852 
1283852 
1283852 
1283856 
1283856 
1283856 
1283859 
1283860 
1283860 
1283860 
1283864 
1283864 
1283864 
1283864 
1283864 
1283864 
1283864 
1283864 
1283868 
1283868 
1283868 
1283868 
1283869 
1283872 
1283872 
1283872 
1283872 
1283872 
1283872 
1283874 
1283874 
1283876 
1283876 
1283876 
1283876 
1283876 
1283876 
1283876 
1283876 
1283880 
1283880 
1283880 
1283880 
1283882 
1283884 
1283887 
1283888 
1283888 
1283888 
1283888 
1283888 
1283888 
1283888 
1283888 
1283890 
1283892 
1283892 
1283892 
1283892 
1283894 
1283894 
1283894 
1283895 
1283896 
1283896 
1283896 
1283896 
1283896 
1283896 
1283896 
1283900 
1283900 
1283904 
1283904 
1283904 
1283904 
1283904 
1283904 
1283904 
1283904 
1283904 
1283908 
1283908 
1283908 
1283908 
1283908 
1283908 
1283912 
1283912 
1283912 
1283912 
1283912 
1283913 
1283914 
1283914 
1283916 
1283920 
1283920 
1283920 
1283920 
1283920 
1283920 
1283924 
1283924 
1283924 
1283924 
1283924 
1283928 
1283928 
1283928 
1283928 
1283928 
1283928 
1283928 
1283931 
1283931 
1283932 
1283932 
1283936 
1283936 
1283936 
1283940 
1283940 
1283940 
1283940 
1283940 
1283940 
1283944 
1283944 
1283944 
1283946 
1283948 
1283948 
1283952 
1283952 
1283952 
1283952 
1283952 
1283956 
1283956 
1283956 
1283956 
1283956 
1283956 
1283956 
1283956 
1283956 
1283956 
1283956 
1283956 
1283960 
1283960 
1283960 
1283960 
1283960 
1283960 
1283960 
1283960 
1283964 
1283966 
1283968 
1283968 
1283968 
1283972 
1283972 
1283972 
1283972 
1283972 
1283973 
1283980 
1283980 
1283980 
1283980 
1283980 
1283980 
1283980 
1283981 
1283984 
1283984 
1283984 
1283985 
1283988 
1283988 
1283988 
1283992 
1283992 
1283996 
1283996 
1283996 
1283996 
1283996 
1283996 
1283996 
1284000 
1284000 
1284004 
1284004 
1284004 
1284004 
1284004 
1284004 
1284008 
1284008 
1284008 
1284008 
1284008 
1284008 
1284008 
1284012 
1284012 
1284013 
1284016 
1284016 
1284016 
1284016 
1284020 
1284020 
1284020 
1284020 
1284020 
1284020 
1284020 
1284024 
1284024 
1284024 
1284024 
1284028 
1284028 
1284028 
1284028 
1284028 
1284030 
1284032 
1284032 
1284032 
1284032 
1284032 
1284036 
1284036 
1284036 
1284036 
1284036 
1284039 
1284040 
1284040 
1284040 
1284040 
1284044 
1284044 
1284044 
1284044 
1284044 
1284044 
1284044 
1284048 
1284048 
1284048 
1284048 
1284048 
1284048 
1284048 
1284048 
1284052 
1284052 
1284052 
1284056 
1284056 
1284056 
1284057 
1284058 
1284060 
1284060 
1284060 
1284060 
1284060 
1284060 
1284060 
1284063 
1284064 
1284064 
1284064 
1284064 
1284064 
1284064 
1284066 
1284068 
1284068 
1284068 
1284068 
1284072 
1284072 
1284072 
1284076 
1284076 
1284076 
1284076 
1284076 
1284079 
1284080 
1284080 
1284080 
1284080 
1284083 
1284084 
1284084 
1284084 
1284088 
1284088 
1284088 
1284088 
1284088 
1284088 
1284092 
1284092 
1284092 
1284093 
1284096 
1284096 
1284096 
1284096 
1284096 
1284096 
1284096 
1284096 
1284100 
1284100 
1284100 
1284104 
1284104 
1284105 
1284108 
1284108 
1284108 
1284110 
1284116 
1284116 
1284116 
1284116 
1284116 
1284120 
1284120 
1284120 
1284120 
1284120 
1284124 
1284124 
1284124 
1284124 
1284128 
1284128 
1284129 
1284132 
1284132 
1284136 
1284140 
1284140 
1284140 
1284140 
1284140 
1284144 
1284144 
1284144 
1284148 
1284148 
1284150 
1284152 
1284156 
1284156 
1284156 
1284156 
1284160 
1284164 
1284164 
1284164 
1284165 
1284165 
1284168 
1284170 
1284171 
1284172 
1284172 
1284172 
1284172 
1284176 
1284176 
1284180 
1284180 
1284180 
1284180 
1284184 
1284184 
1284187 
1284188 
1284188 
1284192 
1284192 
1284192 
1284192 
1284192 
1284192 
1284192 
1284192 
1284196 
1284196 
1284196 
1284196 
1284200 
1284200 
1284204 
1284204 
1284204 
1284208 
1284208 
1284208 
1284208 
1284212 
1284212 
1284212 
1284216 
1284216 
1284216 
1284216 
1284217 
1284220 
1284220 
1284224 
1284224 
1284224 
1284228 
1284232 
1284232 
1284236 
1284236 
1284240 
1284240 
1284240 
1284244 
1284244 
1284248 
1284248 
1284248 
1284248 
1284249 
1284252 
1284252 
1284252 
1284254 
1284255 
1284255 
1284256 
1284260 
1284260 
1284260 
1284260 
1284260 
1284260 
1284264 
1284264 
1284264 
1284268 
1284268 
1284270 
1284274 
1284276 
1284276 
1284280 
1284284 
1284284 
1284284 
1284284 
1284284 
1284284 
1284288 
1284288 
1284288 
1284291 
1284292 
1284292 
1284292 
1284292 
1284292 
1284294 
1284296 
1284296 
1284296 
1284296 
1284296 
1284300 
1284304 
1284304 
1284304 
1284308 
1284308 
1284308 
1284308 
1284309 
1284311 
1284312 
1284316 
1284316 
1284316 
1284318 
1284318 
1284318 
1284320 
1284320 
1284322 
1284324 
1284324 
1284324 
1284324 
1284324 
1284326 
1284328 
1284328 
1284328 
1284332 
1284336 
1284336 
1284336 
1284336 
1284336 
1284336 
1284336 
1284340 
1284340 
1284344 
1284344 
1284344 
1284344 
1284344 
1284348 
1284348 
1284348 
1284348 
1284348 
1284352 
1284352 
1284352 
1284352 
1284352 
1284352 
1284352 
1284356 
1284356 
1284358 
1284360 
1284360 
1284364 
1284364 
1284364 
1284364 
1284364 
1284364 
1284364 
1284366 
1284368 
1284368 
1284372 
1284372 
1284376 
1284376 
1284376 
1284376 
1284376 
1284380 
1284381 
1284384 
1284388 
1284392 
1284392 
1284396 
1284396 
1284400 
1284400 
1284400 
1284400 
1284400 
1284404 
1284404 
1284408 
1284408 
1284408 
1284412 
1284412 
1284416 
1284416 
1284416 
1284424 
1284424 
1284424 
1284424 
1284428 
1284428 
1284428 
1284432 
1284432 
1284432 
1284432 
1284435 
1284436 
1284436 
1284436 
1284436 
1284440 
1284440 
1284444 
1284444 
1284444 
1284444 
1284448 
1284448 
1284448 
1284450 
1284452 
1284452 
1284456 
1284456 
1284456 
1284456 
1284456 
1284456 
1284460 
1284460 
1284460 
1284462 
1284462 
1284462 
1284464 
1284464 
1284464 
1284468 
1284468 
1284472 
1284472 
1284472 
1284472 
1284472 
1284476 
1284476 
1284476 
1284476 
1284476 
1284480 
1284480 
1284480 
1284480 
1284480 
1284484 
1284484 
1284485 
1284488 
1284488 
1284492 
1284492 
1284496 
1284496 
1284500 
1284500 
1284501 
1284504 
1284504 
1284504 
1284504 
1284504 
1284504 
1284504 
1284508 
1284508 
1284508 
1284508 
1284508 
1284512 
1284512 
1284512 
1284512 
1284516 
1284520 
1284520 
1284520 
1284524 
1284528 
1284528 
1284530 
1284532 
1284532 
1284536 
1284536 
1284536 
1284540 
1284543 
1284552 
1284552 
1284552 
1284554 
1284556 
1284560 
1284560 
1284560 
1284564 
1284564 
1284568 
1284572 
1284572 
1284572 
1284576 
1284576 
1284576 
1284579 
1284580 
1284580 
1284580 
1284580 
1284582 
1284584 
1284584 
1284584 
1284588 
1284588 
1284588 
1284592 
1284592 
1284592 
1284592 
1284596 
1284596 
1284597 
1284597 
1284600 
1284604 
1284604 
1284604 
1284606 
1284608 
1284608 
1284608 
1284608 
1284608 
1284614 
1284616 
1284616 
1284624 
1284624 
1284624 
1284624 
1284628 
1284628 
1284630 
1284632 
1284636 
1284636 
1284636 
1284636 
1284636 
1284639 
1284640 
1284644 
1284648 
1284648 
1284648 
1284648 
1284648 
1284651 
1284652 
1284652 
1284652 
1284652 
1284652 
1284656 
1284660 
1284664 
1284664 
1284664 
1284664 
1284668 
1284668 
1284672 
1284672 
1284676 
1284676 
1284676 
1284680 
1284680 
1284692 
1284692 
1284692 
1284696 
1284696 
1284701 
1284708 
1284712 
1284712 
1284714 
1284716 
1284720 
1284720 
1284720 
1284720 
1284723 
1284724 
1284732 
1284736 
1284736 
1284740 
1284740 
1284741 
1284744 
1284748 
1284748 
1284750 
1284752 
1284752 
1284756 
1284762 
1284764 
1284764 
1284764 
1284764 
1284768 
1284768 
1284768 
1284768 
1284772 
1284772 
1284776 
1284780 
1284780 
1284784 
1284792 
1284792 
1284796 
1284798 
1284800 
1284800 
1284800 
1284800 
1284804 
1284812 
1284812 
1284812 
1284816 
1284824 
1284824 
1284828 
1284828 
1284828 
1284831 
1284832 
1284835 
1284836 
1284840 
1284840 
1284848 
1284848 
1284849 
1284850 
1284852 
1284856 
1284860 
1284860 
1284860 
1284860 
1284864 
1284867 
1284868 
1284872 
1284872 
1284876 
1284876 
1284876 
1284876 
1284876 
1284880 
1284880 
1284884 
1284884 
1284884 
1284896 
1284896 
1284896 
1284904 
1284905 
1284908 
1284912 
1284912 
1284912 
1284912 
1284920 
1284922 
1284924 
1284924 
1284928 
1284932 
1284932 
1284936 
1284936 
1284936 
1284944 
1284944 
1284944 
1284948 
1284948 
1284952 
1284952 
1284952 
1284956 
1284956 
1284957 
1284964 
1284964 
1284964 
1284972 
1284974 
1284984 
1284988 
1284988 
1284988 
1284988 
1284988 
1284992 
1284994 
1284996 
1285000 
1285002 
1285004 
1285006 
1285008 
1285008 
1285012 
1285016 
1285016 
1285020 
1285020 
1285020 
1285020 
1285024 
1285024 
1285032 
1285032 
1285036 
1285036 
1285040 
1285040 
1285040 
1285044 
1285044 
1285044 
1285044 
1285046 
1285048 
1285048 
1285051 
1285052 
1285056 
1285056 
1285060 
1285064 
1285064 
1285068 
1285072 
1285072 
1285072 
1285080 
1285083 
1285084 
1285084 
1285084 
1285088 
1285088 
1285092 
1285092 
1285092 
1285092 
1285096 
1285098 
1285100 
1285100 
1285100 
1285101 
1285108 
1285108 
1285112 
1285112 
1285116 
1285120 
1285120 
1285124 
1285124 
1285132 
1285136 
1285136 
1285136 
1285137 
1285140 
1285144 
1285144 
1285144 
1285148 
1285148 
1285148 
1285152 
1285152 
1285156 
1285160 
1285160 
1285160 
1285160 
1285164 
1285164 
1285164 
1285168 
1285172 
1285176 
1285176 
1285180 
1285180 
1285184 
1285196 
1285196 
1285208 
1285208 
1285212 
1285212 
1285220 
1285226 
1285228 
1285232 
1285236 
1285240 
1285244 
1285244 
1285248 
1285252 
1285252 
1285252 
1285252 
1285256 
1285260 
1285268 
1285276 
1285276 
1285280 
1285280 
1285284 
1285284 
1285292 
1285296 
1285300 
1285300 
1285304 
1285304 
1285304 
1285304 
1285308 
1285308 
1285320 
1285324 
1285324 
1285332 
1285332 
1285340 
1285348 
1285352 
1285352 
1285360 
1285360 
1285368 
1285376 
1285380 
1285380 
1285388 
1285388 
1285388 
1285400 
1285400 
1285400 
1285400 
1285404 
1285408 
1285408 
1285408 
1285412 
1285416 
1285420 
1285426 
1285428 
1285436 
1285438 
1285440 
1285440 
1285444 
1285444 
1285444 
1285452 
1285456 
1285456 
1285456 
1285460 
1285464 
1285468 
1285468 
1285472 
1285476 
1285484 
1285484 
1285484 
1285488 
1285492 
1285496 
1285497 
1285504 
1285504 
1285504 
1285512 
1285512 
1285520 
1285523 
1285524 
1285528 
1285532 
1285532 
1285536 
1285548 
1285548 
1285552 
1285556 
1285560 
1285568 
1285572 
1285572 
1285576 
1285580 
1285580 
1285584 
1285590 
1285592 
1285596 
1285600 
1285602 
1285604 
1285604 
1285624 
1285624 
1285628 
1285628 
1285632 
1285636 
1285636 
1285640 
1285640 
1285644 
1285644 
1285644 
1285650 
1285672 
1285676 
1285680 
1285680 
1285692 
1285692 
1285700 
1285704 
1285708 
1285708 
1285712 
1285712 
1285716 
1285716 
1285720 
1285728 
1285728 
1285732 
1285740 
1285740 
1285740 
1285748 
1285752 
1285754 
1285756 
1285756 
1285756 
1285760 
1285760 
1285772 
1285776 
1285776 
1285776 
1285780 
1285784 
1285786 
1285788 
1285792 
1285796 
1285800 
1285800 
1285804 
1285806 
1285808 
1285820 
1285831 
1285848 
1285864 
1285864 
1285865 
1285868 
1285868 
1285868 
1285872 
1285884 
1285888 
1285888 
1285890 
1285892 
1285900 
1285900 
1285900 
1285900 
1285904 
1285908 
1285916 
1285920 
1285920 
1285924 
1285924 
1285924 
1285924 
1285926 
1285931 
1285932 
1285932 
1285940 
1285940 
1285944 
1285948 
1285948 
1285952 
1285960 
1285960 
1285964 
1285968 
1285968 
1285976 
1285988 
1286000 
1286004 
1286008 
1286016 
1286020 
1286020 
1286032 
1286036 
1286040 
1286040 
1286055 
1286060 
1286060 
1286064 
1286064 
1286068 
1286068 
1286072 
1286076 
1286076 
1286080 
1286088 
1286088 
1286088 
1286092 
1286104 
1286104 
1286106 
1286112 
1286112 
1286120 
1286124 
1286124 
1286128 
1286132 
1286132 
1286136 
1286136 
1286140 
1286148 
1286148 
1286148 
1286156 
1286156 
1286156 
1286156 
1286160 
1286160 
1286164 
1286180 
1286184 
1286188 
1286188 
1286192 
1286200 
1286200 
1286204 
1286212 
1286224 
1286228 
1286228 
1286248 
1286256 
1286260 
1286264 
1286276 
1286276 
1286280 
1286284 
1286284 
1286288 
1286288 
1286288 
1286312 
1286316 
1286336 
1286347 
1286348 
1286356 
1286360 
1286364 
1286368 
1286380 
1286380 
1286400 
1286416 
1286420 
1286420 
1286424 
1286432 
1286436 
1286436 
1286440 
1286444 
1286448 
1286448 
1286452 
1286460 
1286460 
1286476 
1286476 
1286480 
1286484 
1286520 
1286524 
1286540 
1286556 
1286564 
1286564 
1286565 
1286573 
1286588 
1286592 
1286612 
1286616 
1286624 
1286624 
1286649 
1286660 
1286660 
1286660 
1286672 
1286672 
1286676 
1286676 
1286676 
1286680 
1286684 
1286716 
1286716 
1286720 
1286724 
1286732 
1286754 
1286756 
1286769 
1286776 
1286784 
1286792 
1286812 
1286816 
1286816 
1286816 
1286832 
1286848 
1286876 
1286892 
1286900 
1286900 
1286904 
1286904 
1286912 
1286922 
1286952 
1286955 
1286960 
1286964 
1286968 
1286968 
1286972 
1286980 
1286984 
1286988 
1287000 
1287000 
1287012 
1287016 
1287020 
1287024 
1287028 
1287044 
1287064 
1287092 
1287100 
1287108 
1287140 
1287160 
1287164 
1287164 
1287166 
1287168 
1287176 
1287180 
1287180 
1287216 
1287236 
1287236 
1287248 
1287272 
1287296 
1287328 
1287344 
1287348 
1287352 
1287392 
1287395 
1287396 
1287424 
1287428 
1287436 
1287440 
1287444 
1287452 
1287459 
1287472 
1287484 
1287492 
1287492 
1287504 
1287528 
1287536 
1287548 
1287552 
1287556 
1287560 
1287584 
1287588 
1287592 
1287603 
1287612 
1287628 
1287644 
1287684 
1287688 
1287688 
1287700 
1287720 
1287724 
1287732 
1287732 
1287736 
1287761 
1287764 
1287768 
1287856 
1287900 
1287900 
1287924 
1287992 
1288000 
1288024 
1288038 
1288040 
1288116 
1288143 
1288152 
1288168 
1288184 
1288194 
1288204 
1288224 
1288248 
1288288 
1288320 
1288344 
1288344 
1288364 
1288396 
1288398 
1288456 
1288476 
1288520 
1288552 
1288602 
1288628 
1288764 
1288784 
1288812 
1288872 
1288892 
1288920 
1288976 
1288980 
1288992 
1288996 
1289000 
1289006 
1289008 
1289060 
1289076 
1289136 
1289152 
1289176 
1289279 
1289340 
1289380 
1289392 
1289428 
1289476 
1289492 
1289500 
1289520 
1289540 
1289588 
1289600 
1289612 
1289680 
1289704 
1289724 
1289748 
1289752 
1289800 
1289828 
1289840 
1289840 
1289848 
1289856 
1289888 
1290004 
1290036 
1290084 
1290112 
1290216 
1290216 
1290228 
1290240 
1290324 
1290324 
1290420 
1290436 
1290636 
1290636 
1290640 
1290656 
1290664 
1290744 
1290796 
1290808 
1290876 
1290881 
1290996 
1291004 
1291116 
1291132 
1291152 
1291188 
1291312 
1291348 
1291388 
1291444 
1291516 
1291528 
1291554 
1291584 
1291628 
1291632 
1291680 
1291892 
1292044 
1292192 
1292236 
1292246 
1292248 
1292268 
1292440 
1292467 
1292528 
1292536 
1292560 
1292697 
1292792 
1292848 
1292856 
1292934 
1292936 
1292984 
1293039 
1293064 
1293068 
1293148 
1293200 
1293200 
1293510 
1293548 
1293556 
1293616 
1293708 
1293768 
1293820 
1293848 
1293860 
1293876 
1293884 
1293908 
1293912 
1293920 
1293980 
1293984 
1293991 
1293996 
1294108 
1294224 
1294272 
1294290 
1294312 
1294484 
1294497 
1294544 
1294587 
1294632 
1294672 
1294776 
1294794 
1294803 
1294852 
1294860 
1294876 
1294932 
1295032 
1295056 
1295124 
1295208 
1295236 
1295280 
1295340 
1295344 
1295364 
1295576 
1295584 
1295588 
1295596 
1295720 
1295724 
1295740 
1295748 
1295760 
1295948 
1295958 
1295976 
1296004 
1296088 
1296196 
1296244 
1296280 
1296296 
1296308 
1296312 
1296376 
1296396 
1296420 
1296468 
1296496 
1296672 
1296723 
1296836 
1296880 
1296904 
1296956 
1297012 
1297032 
1297044 
1297048 
1297076 
1297448 
1297472 
1297488 
1297524 
1297530 
1297568 
1297620 
1297676 
1297704 
1297776 
1297836 
1297840 
1297884 
1297920 
1297976 
1298008 
1298068 
1298084 
1298160 
1298287 
1298336 
1298360 
1298420 
1298440 
1298472 
1298484 
1298512 
1298568 
1298572 
1298640 
1298664 
1298708 
1298716 
1298722 
1298772 
1298784 
1298808 
1298824 
1298840 
1298860 
1298928 
1298988 
1299008 
1299056 
1299068 
1299076 
1299084 
1299088 
1299128 
1299140 
1299204 
1299212 
1299228 
1299465 
1299584 
1299605 
1299627 
1299696 
1299918 
1299932 
1300000 
1300082 
1300100 
1300288 
1300338 
1300392 
1300408 
1300416 
1300524 
1300568 
1300624 
1300636 
1300640 
1300644 
1300744 
1300888 
1300956 
1301008 
1301016 
1301028 
1301184 
1301200 
1301256 
1301301 
1301408 
1301416 
1301420 
1301696 
1301708 
1301720 
1301772 
1301828 
1301840 
1301860 
1302024 
1302104 
1302140 
1302169 
1302180 
1302202 
1302208 
1302284 
1302300 
1302345 
1302488 
1302489 
1302600 
1302656 
1302692 
1302728 
1302836 
1302872 
1302888 
1302952 
1302960 
1303115 
1303128 
1303148 
1303360 
1303432 
1303460 
1303460 
1303556 
1303588 
1303604 
1303700 
1303766 
1303788 
1303820 
1303920 
1303940 
1304056 
1304096 
1304232 
1304244 
1304256 
1304260 
1304280 
1304288 
1304298 
1304308 
1304316 
1304328 
1304352 
1304440 
1304500 
1304624 
1304632 
1304716 
1304816 
1304918 
1304928 
1304968 
1305010 
1305032 
1305052 
1305112 
1305228 
1305260 
1305272 
1305369 
1305400 
1305464 
1305467 
1305484 
1305592 
1305612 
1305620 
1305768 
1305892 
1305992 
1306018 
1306088 
1306164 
1306176 
1306188 
1306220 
1306288 
1306332 
1306356 
1306572 
1306580 
1306616 
1306661 
1306664 
1306816 
1306888 
1306932 
1306956 
1307056 
1307080 
1307092 
1307092 
1307109 
1307160 
1307376 
1307550 
1307582 
1307736 
1307812 
1307852 
1307856 
1307896 
1307900 
1307943 
1308048 
1308069 
1308100 
1308148 
1308256 
1308300 
1308328 
1308412 
1308476 
1308572 
1308632 
1309024 
1309128 
1309152 
1309153 
1309167 
1309308 
1309324 
1309340 
1309356 
1309360 
1309548 
1309680 
1309715 
1309724 
1309728 
1309903 
1309956 
1310004 
1310174 
1310184 
1310184 
1310224 
1310432 
1310440 
1310520 
1310592 
1310688 
1310700 
1310718 
1310752 
1310812 
1310924 
1310956 
1311008 
1311148 
1311288 
1311316 
1311500 
1311520 
1311732 
1311813 
1311912 
1312116 
1312148 
1312204 
1312364 
1312528 
1312856 
1312880 
1312956 
1313021 
1313122 
1313148 
1313192 
1313452 
1313816 
1313860 
1313955 
1314212 
1314236 
1314338 
1314388 
1314540 
1314560 
1314868 
1314872 
1314988 
1315048 
1315060 
1315172 
1315248 
1315350 
1315444 
1315476 
1315520 
1315536 
1315588 
1315708 
1315752 
1315840 
1315887 
1316025 
1316052 
1316300 
1316336 
1316368 
1316512 
1316612 
1316788 
1317044 
1317076 
1317105 
1317240 
1317332 
1317408 
1317440 
1317540 
1317541 
1317704 
1317744 
1317936 
1317964 
1318156 
1318340 
1318380 
1318531 
1318628 
1318668 
1318840 
1318944 
1319013 
1319060 
1319148 
1319274 
1319288 
1319296 
1319448 
1319516 
1319608 
1319612 
1319652 
1319732 
1319772 
1319856 
1319904 
1319914 
1320148 
1320484 
1320547 
1320588 
1320632 
1320856 
1320894 
1320964 
1320968 
1321240 
1321304 
1321324 
1321444 
1321496 
1321632 
1321688 
1321766 
1321860 
1321980 
1322000 
1322544 
1322556 
1322624 
1322632 
1322909 
1322940 
1323166 
1323168 
1323471 
1323780 
1323880 
1323956 
1323992 
1324008 
1324256 
1324328 
1324358 
1324372 
1324534 
1324688 
1324792 
1325003 
1325748 
1325960 
1326168 
1326252 
1326252 
1326304 
1326396 
1326440 
1326472 
1326708 
1326760 
1326800 
1326868 
1326984 
1327000 
1327041 
1327192 
1327200 
1327236 
1327288 
1327488 
1327668 
1327720 
1327792 
1328784 
1329526 
1329688 
1329728 
1329820 
1329856 
1330056 
1330136 
1330144 
1330272 
1330337 
1330416 
1330464 
1330760 
1331096 
1331100 
1331428 
1331560 
1331572 
1331788 
1331916 
1331940 
1332417 
1332436 
1332638 
1332848 
1332927 
1333176 
1333752 
1334352 
1334540 
1334782 
1334864 
1335040 
1335400 
1335816 
1336208 
1338288 
1338468 
1338524 
1338552 
1338632 
1338926 
1339436 
1339676 
1340044 
1340126 
1343008 
1343600 
1344447 
1344936 
1345108 
1346164 
1348060 
1348556 
1349480 
1351828 
1352000 
1353724 
1356024 
1357128 
1357756 
1357902 
1359796 
1361840 
1362195 
1362428 
1362492 
1363736 
1363964 
1364016 
1364673 
1366723 
1368284 
1370068 
1372148 
1373170 
1374364 
1377128 
1378854 
1379242 
1382688 
1383641 
1384640 
1385232 
1385968 
1386720 
1391408 
1393088 
1393738 
1399132 
1399512 
1411676 
1423148 
1426976 
1427176 
1428180 
1430664 
1434156 
1447480 
1449928 
1450844 
1456156 
1456540 
1456632 
1456885 
1464262 
1464576 
1464800 
1466264 
1466520 
1466819 
1467964 
1468680 
1470836 
1471284 
1471599 
1475816 
1492044 
1495524 
1501688 
1505492 
1518483 
1523836 
1545664 
1563872 
1571484 
1572240 
1579408 
1581748 
1592595 
1601220 
1607436 
1620972 
1626224 
1650220 
1654472 
1656132 
1661128 
1662880 
1677312 
1689876 
1707864 
1711632 
1712622 
1715764 
1716360 
1730352 
1732120 
1759564 
1769380 
1772524 
1774744 
1776996 
1783060 
1789324 
1797252 
1811948 
1814424 
1819450 
1823716 
1833968 
1834452 
1841091 
1853516 
1867936 
1892992 
1904491 
1928852 
1929959 
1932304 
2007772 
2032668 
2046836 
2055139 
2129748 
2135932 
2188640 
2241436 
2284380 
2378936 
2399536 
2456416 
2461964 
2506128 
