360516 
360588 
360620 
360644 
360672 
360672 
360700 
360704 
360788 
360792 
360796 
360820 
360824 
360828 
360828 
360848 
360848 
360872 
360880 
360908 
360912 
360916 
360920 
360928 
360928 
360936 
360940 
360940 
360956 
360972 
360980 
360980 
360984 
360988 
360992 
361000 
361000 
361000 
361004 
361004 
361008 
361012 
361016 
361020 
361032 
361036 
361036 
361040 
361044 
361056 
361060 
361064 
361068 
361068 
361072 
361076 
361084 
361084 
361088 
361096 
361104 
361104 
361104 
361116 
361120 
361120 
361124 
361128 
361128 
361136 
361140 
361140 
361148 
361148 
361152 
361160 
361160 
361164 
361172 
361188 
361200 
361204 
361204 
361208 
361244 
361244 
361256 
361256 
361288 
361292 
361292 
361296 
361300 
361300 
361308 
361320 
361332 
361332 
361332 
361336 
361352 
361360 
361368 
361368 
361368 
361376 
361392 
361396 
361400 
361400 
361412 
361452 
361456 
361456 
361464 
361476 
361480 
361496 
361512 
361520 
361528 
361532 
361544 
361544 
361548 
361568 
361576 
361584 
361588 
361588 
361604 
361608 
361640 
361656 
361668 
361672 
361676 
361684 
361696 
361716 
361720 
361728 
361732 
361748 
361752 
361760 
361768 
361776 
361788 
361800 
361804 
361804 
361816 
361820 
361820 
361848 
361860 
361868 
361868 
361884 
361908 
361920 
361924 
361932 
361936 
361988 
361992 
362040 
362048 
362048 
362060 
362064 
362068 
362076 
362092 
362092 
362096 
362112 
362116 
362124 
362132 
362136 
362144 
362156 
362168 
362168 
362184 
362188 
362212 
362212 
362220 
362220 
362224 
362240 
362252 
362256 
362260 
362264 
362276 
362280 
362288 
362300 
362300 
362324 
362352 
362356 
362380 
362392 
362408 
362416 
362460 
362460 
362468 
362472 
362492 
362496 
362504 
362504 
362508 
362516 
362532 
362532 
362536 
362544 
362548 
362560 
362568 
362576 
362584 
362604 
362608 
362632 
362656 
362656 
362688 
362688 
362704 
362796 
362836 
362840 
362844 
362852 
362908 
362912 
362952 
362956 
362968 
362972 
363004 
363004 
363036 
363040 
363044 
363048 
363076 
363076 
363084 
363104 
363124 
363128 
363136 
363140 
363160 
363160 
363164 
363168 
363172 
363172 
363196 
363196 
363224 
363224 
363236 
363280 
363288 
363296 
363296 
363312 
363356 
363364 
363364 
363376 
363388 
363388 
363400 
363412 
363412 
363420 
363420 
363420 
363424 
363440 
363456 
363464 
363468 
363468 
363484 
363488 
363500 
363500 
363516 
363516 
363532 
363540 
363556 
363556 
363556 
363576 
363576 
363592 
363592 
363604 
363604 
363608 
363632 
363640 
363652 
363656 
363660 
363660 
363672 
363676 
363684 
363708 
363716 
363728 
363740 
363752 
363752 
363756 
363760 
363764 
363784 
363788 
363792 
363792 
363804 
363808 
363820 
363828 
363860 
363864 
363868 
363868 
363872 
363896 
363912 
363920 
363948 
363960 
363984 
363988 
363992 
364000 
364012 
364060 
364064 
364084 
364088 
364092 
364096 
364104 
364116 
364116 
364136 
364144 
364144 
364168 
364180 
364192 
364192 
364204 
364208 
364228 
364240 
364240 
364260 
364296 
364300 
364320 
364332 
364340 
364352 
364372 
364384 
364392 
364400 
364416 
364432 
364436 
364448 
364460 
364468 
364468 
364476 
364488 
364496 
364512 
364528 
364536 
364536 
364568 
364580 
364584 
364588 
364596 
364596 
364612 
364612 
364616 
364628 
364648 
364648 
364656 
364656 
364680 
364688 
364696 
364696 
364700 
364708 
364720 
364720 
364728 
364744 
364752 
364796 
364820 
364856 
364884 
364900 
364900 
364900 
364904 
364904 
364912 
364916 
364936 
364940 
364944 
364944 
364952 
364960 
364976 
364976 
364984 
365004 
365024 
365040 
365040 
365052 
365052 
365060 
365064 
365080 
365080 
365096 
365104 
365104 
365112 
365116 
365152 
365168 
365168 
365172 
365180 
365200 
365204 
365224 
365236 
365260 
365264 
365268 
365268 
365276 
365276 
365288 
365296 
365300 
365308 
365312 
365336 
365348 
365356 
365384 
365396 
365400 
365412 
365428 
365432 
365448 
365448 
365452 
365472 
365476 
365488 
365496 
365496 
365496 
365500 
365556 
365572 
365580 
365588 
365592 
365596 
365596 
365600 
365608 
365608 
365628 
365640 
365640 
365648 
365652 
365652 
365656 
365676 
365684 
365708 
365712 
365736 
365740 
365744 
365748 
365748 
365760 
365760 
365768 
365768 
365776 
365784 
365788 
365792 
365804 
365804 
365812 
365812 
365816 
365820 
365820 
365824 
365824 
365824 
365824 
365824 
365832 
365844 
365844 
365848 
365848 
365848 
365856 
365856 
365860 
365864 
365868 
365868 
365876 
365876 
365884 
365888 
365888 
365888 
365892 
365892 
365892 
365896 
365900 
365900 
365900 
365900 
365908 
365912 
365916 
365916 
365916 
365920 
365924 
365928 
365936 
365936 
365940 
365940 
365944 
365944 
365960 
365964 
365964 
365972 
365980 
365980 
365984 
365984 
365992 
365992 
365996 
366000 
366008 
366008 
366012 
366012 
366016 
366020 
366024 
366028 
366028 
366032 
366036 
366040 
366048 
366052 
366052 
366052 
366052 
366060 
366060 
366060 
366068 
366068 
366072 
366076 
366076 
366080 
366088 
366088 
366088 
366096 
366100 
366100 
366100 
366100 
366104 
366104 
366116 
366116 
366120 
366120 
366120 
366120 
366128 
366128 
366132 
366132 
366136 
366136 
366136 
366136 
366140 
366144 
366148 
366148 
366156 
366156 
366156 
366168 
366168 
366168 
366176 
366176 
366176 
366180 
366184 
366184 
366184 
366188 
366188 
366188 
366192 
366192 
366196 
366196 
366196 
366200 
366204 
366204 
366208 
366208 
366212 
366212 
366212 
366216 
366220 
366224 
366224 
366228 
366232 
366232 
366232 
366236 
366236 
366236 
366240 
366240 
366244 
366248 
366252 
366252 
366252 
366252 
366260 
366260 
366260 
366260 
366264 
366264 
366264 
366268 
366268 
366272 
366272 
366272 
366276 
366288 
366292 
366296 
366300 
366300 
366300 
366300 
366304 
366308 
366308 
366312 
366312 
366312 
366316 
366324 
366324 
366324 
366324 
366324 
366328 
366328 
366332 
366332 
366332 
366332 
366332 
366336 
366336 
366336 
366340 
366340 
366344 
366348 
366348 
366360 
366360 
366364 
366368 
366372 
366372 
366376 
366376 
366380 
366380 
366380 
366384 
366384 
366384 
366384 
366384 
366388 
366396 
366396 
366396 
366400 
366404 
366404 
366408 
366408 
366408 
366412 
366416 
366416 
366420 
366424 
366424 
366424 
366428 
366432 
366432 
366436 
366440 
366440 
366440 
366444 
366448 
366448 
366452 
366456 
366460 
366460 
366464 
366468 
366468 
366468 
366472 
366472 
366472 
366476 
366476 
366480 
366480 
366484 
366488 
366488 
366488 
366492 
366496 
366496 
366496 
366500 
366508 
366512 
366512 
366512 
366516 
366520 
366520 
366528 
366528 
366532 
366536 
366540 
366540 
366540 
366544 
366544 
366544 
366544 
366548 
366560 
366560 
366564 
366564 
366572 
366576 
366576 
366580 
366580 
366580 
366584 
366584 
366584 
366592 
366596 
366600 
366600 
366604 
366604 
366608 
366608 
366608 
366612 
366616 
366616 
366620 
366624 
366624 
366624 
366628 
366628 
366628 
366636 
366636 
366640 
366644 
366644 
366644 
366656 
366656 
366656 
366660 
366668 
366668 
366668 
366668 
366668 
366676 
366684 
366684 
366688 
366692 
366692 
366692 
366692 
366692 
366700 
366700 
366704 
366704 
366704 
366708 
366712 
366720 
366724 
366728 
366732 
366732 
366732 
366740 
366740 
366748 
366748 
366752 
366752 
366752 
366760 
366764 
366768 
366768 
366772 
366772 
366772 
366776 
366784 
366784 
366784 
366788 
366792 
366796 
366800 
366804 
366804 
366804 
366808 
366812 
366824 
366824 
366828 
366828 
366832 
366836 
366836 
366836 
366840 
366840 
366840 
366844 
366844 
366848 
366852 
366852 
366856 
366856 
366856 
366856 
366860 
366860 
366872 
366872 
366872 
366876 
366880 
366880 
366884 
366884 
366892 
366892 
366892 
366900 
366900 
366900 
366904 
366904 
366904 
366908 
366908 
366908 
366912 
366912 
366920 
366920 
366924 
366924 
366932 
366932 
366936 
366936 
366936 
366940 
366944 
366948 
366948 
366952 
366952 
366956 
366964 
366964 
366964 
366972 
366976 
366980 
366980 
366988 
366988 
366988 
367000 
367008 
367008 
367012 
367012 
367020 
367020 
367036 
367036 
367036 
367044 
367048 
367048 
367048 
367052 
367056 
367064 
367064 
367068 
367068 
367068 
367072 
367072 
367076 
367080 
367080 
367080 
367084 
367084 
367084 
367084 
367088 
367092 
367096 
367100 
367104 
367112 
367112 
367112 
367116 
367116 
367116 
367120 
367124 
367124 
367128 
367128 
367128 
367136 
367136 
367140 
367140 
367140 
367140 
367148 
367152 
367152 
367152 
367160 
367160 
367160 
367160 
367160 
367164 
367164 
367168 
367168 
367168 
367172 
367176 
367184 
367184 
367188 
367188 
367196 
367196 
367200 
367200 
367204 
367204 
367212 
367212 
367216 
367216 
367228 
367228 
367228 
367236 
367240 
367240 
367240 
367244 
367248 
367252 
367252 
367264 
367276 
367284 
367284 
367284 
367284 
367288 
367288 
367292 
367304 
367316 
367320 
367320 
367328 
367332 
367336 
367352 
367352 
367360 
367364 
367364 
367368 
367368 
367376 
367380 
367388 
367404 
367412 
367412 
367416 
367420 
367420 
367424 
367428 
367428 
367428 
367432 
367436 
367436 
367440 
367444 
367448 
367448 
367452 
367456 
367456 
367456 
367460 
367460 
367464 
367468 
367468 
367472 
367472 
367472 
367476 
367480 
367480 
367484 
367496 
367496 
367504 
367504 
367508 
367512 
367516 
367516 
367516 
367520 
367524 
367524 
367528 
367532 
367540 
367540 
367540 
367540 
367544 
367552 
367556 
367560 
367560 
367568 
367576 
367580 
367588 
367596 
367596 
367600 
367604 
367608 
367612 
367624 
367628 
367632 
367636 
367636 
367640 
367648 
367652 
367652 
367656 
367660 
367664 
367668 
367668 
367672 
367676 
367692 
367696 
367700 
367704 
367704 
367712 
367716 
367720 
367728 
367732 
367736 
367740 
367740 
367744 
367748 
367752 
367756 
367760 
367760 
367760 
367768 
367772 
367776 
367780 
367784 
367784 
367784 
367784 
367788 
367792 
367792 
367792 
367800 
367804 
367812 
367816 
367824 
367828 
367832 
367832 
367832 
367836 
367840 
367856 
367860 
367864 
367864 
367868 
367872 
367872 
367876 
367880 
367880 
367888 
367892 
367892 
367896 
367908 
367908 
367908 
367908 
367908 
367912 
367916 
367920 
367924 
367932 
367932 
367936 
367944 
367944 
367952 
367952 
367960 
367960 
367964 
367964 
367964 
367964 
367976 
367976 
367984 
367984 
367988 
367988 
367988 
367992 
367992 
367992 
367992 
367996 
367996 
367996 
368000 
368004 
368012 
368012 
368020 
368020 
368020 
368020 
368024 
368024 
368036 
368036 
368048 
368056 
368064 
368064 
368068 
368068 
368072 
368084 
368092 
368096 
368100 
368100 
368108 
368108 
368116 
368116 
368124 
368124 
368136 
368136 
368136 
368136 
368140 
368140 
368140 
368140 
368148 
368156 
368156 
368168 
368168 
368176 
368176 
368176 
368176 
368176 
368180 
368180 
368184 
368188 
368188 
368196 
368196 
368200 
368204 
368216 
368216 
368220 
368220 
368224 
368224 
368232 
368236 
368240 
368244 
368244 
368248 
368248 
368264 
368264 
368268 
368268 
368276 
368284 
368284 
368288 
368292 
368300 
368300 
368300 
368308 
368316 
368316 
368320 
368324 
368328 
368332 
368336 
368336 
368336 
368340 
368340 
368344 
368348 
368352 
368352 
368352 
368356 
368356 
368356 
368356 
368360 
368360 
368368 
368376 
368380 
368388 
368392 
368392 
368392 
368400 
368400 
368408 
368408 
368424 
368428 
368432 
368436 
368440 
368444 
368448 
368452 
368456 
368460 
368460 
368460 
368460 
368464 
368464 
368468 
368472 
368484 
368488 
368496 
368496 
368500 
368500 
368504 
368508 
368508 
368512 
368512 
368512 
368516 
368520 
368524 
368540 
368544 
368548 
368548 
368548 
368548 
368560 
368560 
368560 
368560 
368564 
368568 
368580 
368580 
368584 
368584 
368588 
368596 
368596 
368600 
368604 
368604 
368604 
368608 
368608 
368612 
368612 
368620 
368628 
368628 
368632 
368636 
368640 
368640 
368652 
368656 
368664 
368668 
368676 
368684 
368684 
368684 
368684 
368688 
368696 
368696 
368700 
368704 
368712 
368716 
368720 
368728 
368728 
368728 
368728 
368732 
368732 
368732 
368744 
368744 
368748 
368752 
368756 
368768 
368772 
368772 
368772 
368780 
368784 
368784 
368800 
368800 
368800 
368804 
368812 
368816 
368820 
368820 
368824 
368828 
368832 
368832 
368832 
368832 
368836 
368844 
368848 
368848 
368856 
368856 
368860 
368876 
368880 
368888 
368892 
368896 
368896 
368904 
368912 
368916 
368916 
368916 
368928 
368928 
368936 
368940 
368944 
368948 
368948 
368948 
368948 
368956 
368956 
368960 
368960 
368964 
368968 
368968 
368972 
368992 
368992 
368992 
368992 
368996 
368996 
369012 
369012 
369020 
369028 
369040 
369044 
369044 
369060 
369060 
369060 
369064 
369064 
369068 
369080 
369084 
369088 
369088 
369096 
369108 
369112 
369116 
369120 
369124 
369124 
369128 
369132 
369132 
369136 
369136 
369156 
369164 
369168 
369172 
369172 
369176 
369192 
369200 
369200 
369200 
369200 
369200 
369208 
369208 
369212 
369220 
369224 
369228 
369228 
369236 
369240 
369244 
369248 
369248 
369268 
369276 
369284 
369284 
369288 
369292 
369296 
369296 
369304 
369308 
369312 
369312 
369316 
369324 
369336 
369344 
369344 
369348 
369352 
369352 
369360 
369360 
369364 
369364 
369376 
369392 
369396 
369400 
369416 
369420 
369424 
369432 
369432 
369436 
369440 
369444 
369444 
369452 
369452 
369456 
369456 
369456 
369464 
369488 
369492 
369500 
369500 
369520 
369528 
369532 
369532 
369540 
369544 
369548 
369568 
369568 
369576 
369580 
369584 
369584 
369588 
369596 
369604 
369604 
369612 
369616 
369620 
369620 
369624 
369636 
369636 
369636 
369644 
369648 
369664 
369668 
369672 
369676 
369680 
369680 
369700 
369700 
369704 
369708 
369712 
369720 
369728 
369736 
369736 
369740 
369744 
369768 
369776 
369796 
369796 
369804 
369808 
369820 
369820 
369828 
369828 
369836 
369840 
369848 
369848 
369848 
369848 
369852 
369868 
369876 
369892 
369896 
369896 
369912 
369912 
369920 
369920 
369924 
369924 
369924 
369936 
369944 
369968 
369980 
369980 
369992 
370000 
370000 
370008 
370012 
370016 
370020 
370024 
370028 
370044 
370072 
370076 
370080 
370112 
370132 
370136 
370136 
370148 
370148 
370156 
370168 
370172 
370180 
370192 
370192 
370196 
370204 
370212 
370216 
370216 
370224 
370228 
370228 
370232 
370240 
370240 
370252 
370256 
370264 
370268 
370276 
370276 
370276 
370284 
370288 
370300 
370304 
370304 
370312 
370312 
370320 
370328 
370348 
370352 
370360 
370368 
370372 
370384 
370384 
370392 
370396 
370400 
370400 
370408 
370424 
370432 
370436 
370440 
370448 
370448 
370476 
370492 
370504 
370504 
370512 
370516 
370516 
370528 
370532 
370544 
370548 
370564 
370584 
370596 
370600 
370620 
370628 
370632 
370632 
370636 
370640 
370656 
370660 
370692 
370704 
370708 
370712 
370712 
370712 
370716 
370720 
370732 
370736 
370736 
370752 
370760 
370760 
370772 
370772 
370776 
370780 
370780 
370780 
370784 
370784 
370804 
370824 
370836 
370840 
370840 
370844 
370852 
370856 
370860 
370864 
370868 
370880 
370888 
370904 
370904 
370916 
370916 
370924 
370932 
370936 
370940 
370944 
370952 
370956 
370960 
370968 
370976 
370980 
370992 
370996 
370996 
371004 
371016 
371020 
371024 
371028 
371028 
371056 
371068 
371072 
371088 
371100 
371104 
371116 
371124 
371128 
371140 
371148 
371148 
371148 
371152 
371156 
371172 
371184 
371192 
371192 
371196 
371200 
371204 
371216 
371220 
371264 
371264 
371272 
371276 
371280 
371308 
371308 
371324 
371324 
371356 
371368 
371372 
371372 
371376 
371388 
371396 
371400 
371408 
371420 
371420 
371424 
371432 
371452 
371456 
371464 
371468 
371472 
371476 
371476 
371476 
371488 
371492 
371520 
371548 
371588 
371628 
371628 
371636 
371648 
371652 
371664 
371668 
371668 
371680 
371684 
371684 
371684 
371684 
371692 
371700 
371708 
371716 
371728 
371732 
371744 
371748 
371748 
371756 
371756 
371760 
371768 
371768 
371800 
371800 
371812 
371816 
371832 
371832 
371836 
371848 
371856 
371860 
371864 
371872 
371880 
371880 
371880 
371884 
371888 
371892 
371892 
371908 
371908 
371912 
371916 
371920 
371920 
371920 
371924 
371940 
371940 
371972 
371976 
371984 
372000 
372000 
372004 
372008 
372008 
372012 
372016 
372016 
372016 
372020 
372044 
372044 
372068 
372076 
372076 
372096 
372104 
372112 
372116 
372120 
372144 
372148 
372156 
372160 
372164 
372172 
372172 
372192 
372196 
372196 
372200 
372200 
372208 
372212 
372216 
372216 
372224 
372232 
372240 
372248 
372248 
372248 
372276 
372284 
372284 
372288 
372292 
372304 
372320 
372336 
372348 
372364 
372364 
372392 
372392 
372408 
372424 
372432 
372436 
372440 
372480 
372492 
372516 
372532 
372540 
372548 
372556 
372556 
372560 
372568 
372568 
372572 
372572 
372588 
372600 
372604 
372624 
372628 
372632 
372636 
372640 
372660 
372664 
372664 
372668 
372672 
372676 
372680 
372688 
372692 
372716 
372724 
372724 
372734 
372744 
372748 
372770 
372780 
372784 
372788 
372796 
372808 
372808 
372822 
372828 
372836 
372836 
372860 
372868 
372868 
372880 
372888 
372892 
372896 
372920 
372936 
372936 
372952 
372952 
372956 
372976 
372985 
372988 
372988 
373000 
373016 
373028 
373037 
373047 
373048 
373048 
373052 
373063 
373064 
373088 
373088 
373092 
373100 
373115 
373125 
373128 
373150 
373152 
373152 
373155 
373180 
373192 
373196 
373204 
373208 
373212 
373220 
373220 
373224 
373236 
373240 
373240 
373248 
373248 
373252 
373292 
373300 
373308 
373312 
373316 
373320 
373328 
373330 
373340 
373340 
373348 
373360 
373364 
373384 
373388 
373388 
373388 
373400 
373412 
373436 
373440 
373468 
373500 
373512 
373512 
373512 
373512 
373524 
373540 
373548 
373572 
373576 
373584 
373592 
373604 
373612 
373612 
373636 
373704 
373704 
373716 
373724 
373724 
373732 
373736 
373740 
373760 
373764 
373768 
373772 
373776 
373800 
373820 
373824 
373828 
373852 
373868 
373880 
373884 
373892 
373920 
373944 
373948 
373972 
373988 
373996 
374016 
374020 
374024 
374044 
374052 
374056 
374064 
374076 
374112 
374124 
374136 
374148 
374156 
374160 
374160 
374180 
374188 
374188 
374196 
374220 
374252 
374300 
374307 
374308 
374332 
374332 
374343 
374356 
374364 
374396 
374408 
374412 
374428 
374460 
374468 
374528 
374575 
374596 
374600 
374604 
374608 
374616 
374624 
374656 
374664 
374667 
374672 
374712 
374728 
374744 
374764 
374772 
374776 
374796 
374820 
374828 
374832 
374844 
374844 
374860 
374860 
374880 
374892 
374896 
374900 
374916 
374968 
374976 
374980 
374980 
374980 
374996 
375004 
375020 
375032 
375032 
375072 
375092 
375116 
375120 
375120 
375120 
375164 
375260 
375272 
375276 
375296 
375304 
375308 
375344 
375372 
375376 
375380 
375388 
375404 
375408 
375408 
375428 
375436 
375480 
375480 
375488 
375488 
375496 
375504 
375508 
375568 
375572 
375577 
375588 
375600 
375619 
375624 
375624 
375636 
375656 
375672 
375680 
375680 
375720 
375720 
375724 
375744 
375752 
375760 
375760 
375776 
375789 
375789 
375796 
375800 
375828 
375844 
375868 
375876 
375876 
375904 
375904 
375904 
375912 
375940 
375942 
375948 
375960 
375964 
375964 
375968 
375992 
376056 
376072 
376076 
376088 
376088 
376092 
376096 
376096 
376096 
376100 
376108 
376132 
376132 
376136 
376184 
376228 
376276 
376276 
376288 
376288 
376308 
376308 
376312 
376320 
376320 
376344 
376356 
376376 
376380 
376408 
376428 
376452 
376468 
376468 
376500 
376516 
376524 
376528 
376532 
376595 
376596 
376600 
376605 
376624 
376640 
376640 
376644 
376652 
376656 
376700 
376700 
376704 
376709 
376712 
376716 
376728 
376740 
376780 
376781 
376784 
376788 
376792 
376800 
376801 
376804 
376806 
376828 
376840 
376840 
376848 
376853 
376924 
376932 
376932 
376964 
376977 
376992 
377000 
377014 
377052 
377060 
377064 
377080 
377080 
377088 
377100 
377101 
377116 
377156 
377176 
377200 
377213 
377248 
377256 
377272 
377275 
377276 
377284 
377284 
377284 
377316 
377324 
377336 
377340 
377344 
377364 
377404 
377412 
377436 
377440 
377448 
377476 
377484 
377492 
377508 
377536 
377564 
377568 
377572 
377592 
377604 
377616 
377752 
377756 
377804 
377828 
377832 
377844 
377856 
377876 
377916 
377920 
377924 
377956 
377984 
377984 
377992 
378016 
378042 
378152 
378320 
378368 
378368 
378376 
378388 
378388 
378392 
378404 
378436 
378444 
378452 
378460 
378512 
378520 
378524 
378532 
378548 
378584 
378628 
378660 
378668 
378728 
378764 
378768 
378812 
378820 
378848 
378872 
378880 
378884 
378908 
378908 
378944 
378956 
378956 
378956 
378968 
378980 
378984 
379004 
379016 
379016 
379068 
379092 
379112 
379147 
379148 
379168 
379168 
379172 
379172 
379180 
379192 
379212 
379236 
379240 
379240 
379240 
379240 
379280 
379348 
379348 
379368 
379408 
379408 
379415 
379420 
379424 
379424 
379428 
379440 
379445 
379472 
379492 
379496 
379504 
379504 
379504 
379516 
379560 
379564 
379576 
379588 
379596 
379600 
379612 
379612 
379620 
379620 
379620 
379644 
379644 
379648 
379648 
379652 
379676 
379676 
379688 
379700 
379712 
379712 
379720 
379724 
379736 
379756 
379768 
379768 
379772 
379774 
379776 
379784 
379784 
379788 
379792 
379796 
379796 
379800 
379808 
379808 
379811 
379812 
379812 
379824 
379824 
379824 
379832 
379832 
379844 
379852 
379864 
379876 
379884 
379892 
379924 
379928 
379932 
379948 
379960 
379968 
379984 
379988 
379996 
380000 
380000 
380004 
380008 
380028 
380068 
380080 
380084 
380095 
380096 
380096 
380096 
380112 
380116 
380124 
380128 
380148 
380160 
380168 
380172 
380196 
380200 
380202 
380202 
380204 
380212 
380220 
380227 
380232 
380232 
380236 
380244 
380248 
380272 
380284 
380316 
380320 
380339 
380340 
380348 
380360 
380388 
380400 
380404 
380404 
380404 
380436 
380452 
380464 
380496 
380508 
380536 
380536 
380548 
380548 
380552 
380568 
380604 
380608 
380620 
380624 
380632 
380632 
380636 
380688 
380692 
380700 
380708 
380752 
380764 
380772 
380792 
380800 
380800 
380804 
380804 
380813 
380816 
380820 
380824 
380836 
380840 
380840 
380844 
380848 
380876 
380876 
380892 
380896 
380900 
380908 
380908 
380912 
380924 
380924 
380940 
380952 
380960 
380964 
380988 
380988 
381020 
381052 
381064 
381068 
381084 
381084 
381104 
381112 
381112 
381120 
381120 
381132 
381136 
381136 
381140 
381164 
381168 
381188 
381196 
381204 
381212 
381216 
381232 
381236 
381245 
381264 
381268 
381272 
381276 
381287 
381300 
381300 
381307 
381328 
381336 
381352 
381384 
381384 
381384 
381388 
381388 
381400 
381448 
381450 
381474 
381480 
381480 
381490 
381496 
381520 
381532 
381532 
381544 
381548 
381552 
381552 
381560 
381564 
381600 
381604 
381616 
381624 
381632 
381648 
381654 
381672 
381680 
381688 
381690 
381700 
381700 
381712 
381724 
381736 
381740 
381768 
381772 
381780 
381784 
381788 
381792 
381812 
381816 
381828 
381828 
381836 
381836 
381852 
381860 
381863 
381868 
381898 
381908 
381912 
381924 
381924 
381944 
381948 
381952 
381972 
381984 
381992 
381992 
382028 
382036 
382040 
382040 
382044 
382044 
382060 
382060 
382072 
382092 
382096 
382104 
382112 
382152 
382184 
382188 
382192 
382204 
382216 
382224 
382224 
382232 
382235 
382240 
382252 
382252 
382272 
382276 
382308 
382344 
382384 
382392 
382400 
382434 
382480 
382480 
382480 
382488 
382492 
382492 
382492 
382496 
382509 
382528 
382534 
382568 
382568 
382576 
382584 
382644 
382644 
382644 
382656 
382658 
382664 
382672 
382740 
382744 
382747 
382760 
382764 
382772 
382812 
382812 
382816 
382826 
382831 
382840 
382860 
382872 
382884 
382888 
382892 
382904 
382920 
382920 
382924 
382932 
382944 
382945 
382964 
382976 
382980 
382980 
383024 
383024 
383036 
383044 
383044 
383048 
383048 
383052 
383060 
383100 
383100 
383100 
383128 
383128 
383128 
383148 
383148 
383152 
383152 
383152 
383156 
383168 
383176 
383190 
383204 
383214 
383216 
383236 
383244 
383272 
383292 
383296 
383308 
383308 
383320 
383333 
383338 
383343 
383368 
383368 
383372 
383384 
383384 
383388 
383392 
383400 
383408 
383410 
383411 
383428 
383442 
383488 
383496 
383502 
383520 
383556 
383564 
383576 
383576 
383576 
383580 
383592 
383624 
383624 
383632 
383646 
383672 
383672 
383688 
383730 
383736 
383744 
383768 
383776 
383792 
383808 
383832 
383832 
383849 
383860 
383884 
383884 
383908 
383924 
383924 
383948 
383956 
383972 
383972 
383976 
383984 
384016 
384028 
384040 
384052 
384070 
384104 
384115 
384152 
384168 
384180 
384192 
384212 
384216 
384219 
384228 
384228 
384228 
384228 
384232 
384288 
384332 
384340 
384364 
384395 
384435 
384445 
384448 
384456 
384464 
384480 
384500 
384516 
384525 
384552 
384619 
384629 
384640 
384644 
384644 
384692 
384694 
384718 
384721 
384726 
384732 
384752 
384752 
384756 
384764 
384816 
384824 
384836 
384850 
384852 
384900 
384960 
384974 
385008 
385032 
385044 
385056 
385060 
385072 
385080 
385124 
385176 
385204 
385248 
385280 
385284 
385288 
385299 
385308 
385316 
385316 
385352 
385368 
385380 
385389 
385570 
385588 
385596 
385632 
385652 
385652 
385664 
385668 
385688 
385700 
385708 
385712 
385724 
385736 
385756 
385772 
385780 
385792 
385792 
385808 
385811 
385840 
385856 
385868 
385872 
385884 
385888 
385892 
385904 
385912 
385936 
385944 
385970 
385980 
386004 
386020 
386036 
386049 
386072 
386076 
386088 
386136 
386144 
386151 
386152 
386164 
386184 
386184 
386232 
386233 
386240 
386244 
386264 
386264 
386284 
386327 
386328 
386360 
386360 
386377 
386380 
386432 
386436 
386448 
386456 
386460 
386488 
386520 
386520 
386528 
386552 
386560 
386565 
386576 
386604 
386635 
386636 
386637 
386668 
386672 
386672 
386676 
386688 
386704 
386712 
386712 
386716 
386722 
386724 
386732 
386748 
386764 
386784 
386816 
386892 
386896 
386896 
386944 
386952 
386952 
386965 
387000 
387015 
387024 
387040 
387124 
387132 
387156 
387160 
387182 
387224 
387244 
387312 
387330 
387360 
387364 
387368 
387380 
387384 
387452 
387472 
387472 
387499 
387524 
387524 
387536 
387584 
387592 
387604 
387644 
387692 
387700 
387704 
387740 
387772 
387796 
387816 
387824 
387832 
387856 
387876 
387900 
387904 
387921 
387924 
387928 
387931 
387932 
387980 
388016 
388044 
388104 
388112 
388116 
388148 
388204 
388212 
388236 
388272 
388296 
388316 
388356 
388368 
388404 
388432 
388452 
388455 
388460 
388488 
388516 
388520 
388528 
388532 
388564 
388580 
388584 
388696 
388700 
388708 
388732 
388760 
388768 
388772 
388892 
388940 
388968 
388996 
389012 
389028 
389064 
389116 
389132 
389136 
389136 
389212 
389304 
389324 
389380 
389400 
389484 
389500 
389505 
389516 
389520 
389524 
389540 
389568 
389600 
389620 
389628 
389668 
389688 
389700 
389724 
389744 
389752 
389756 
389800 
389840 
389932 
389936 
390000 
390000 
390004 
390040 
390064 
390084 
390128 
390132 
390153 
390156 
390180 
390192 
390216 
390244 
390252 
390252 
390264 
390276 
390296 
390304 
390328 
390328 
390336 
390336 
390342 
390360 
390368 
390372 
390372 
390396 
390400 
390408 
390412 
390448 
390452 
390460 
390460 
390460 
390464 
390476 
390476 
390480 
390484 
390496 
390508 
390520 
390520 
390548 
390552 
390556 
390560 
390560 
390560 
390576 
390580 
390608 
390608 
390608 
390608 
390612 
390636 
390636 
390648 
390652 
390656 
390656 
390660 
390660 
390676 
390680 
390688 
390692 
390700 
390712 
390716 
390732 
390732 
390736 
390756 
390764 
390768 
390804 
390808 
390812 
390828 
390836 
390844 
390856 
390856 
390900 
390908 
390912 
390920 
390924 
390932 
390940 
390944 
390948 
390972 
390992 
391000 
391004 
391014 
391016 
391020 
391024 
391028 
391032 
391040 
391040 
391044 
391044 
391056 
391060 
391074 
391080 
391084 
391100 
391104 
391108 
391120 
391128 
391128 
391172 
391184 
391188 
391192 
391192 
391224 
391232 
391244 
391248 
391248 
391256 
391264 
391268 
391284 
391288 
391296 
391304 
391312 
391316 
391344 
391344 
391344 
391364 
391372 
391376 
391380 
391404 
391408 
391420 
391428 
391428 
391428 
391436 
391436 
391440 
391452 
391452 
391464 
391472 
391484 
391488 
391488 
391496 
391504 
391504 
391508 
391508 
391516 
391528 
391532 
391536 
391544 
391544 
391560 
391560 
391564 
391568 
391572 
391572 
391580 
391584 
391604 
391604 
391604 
391608 
391620 
391620 
391624 
391628 
391628 
391632 
391640 
391652 
391652 
391680 
391692 
391692 
391696 
391700 
391704 
391704 
391712 
391716 
391724 
391724 
391728 
391732 
391736 
391744 
391749 
391752 
391756 
391760 
391768 
391768 
391780 
391784 
391788 
391800 
391812 
391816 
391816 
391820 
391820 
391832 
391876 
391876 
391876 
391880 
391884 
391888 
391892 
391896 
391904 
391916 
391920 
391932 
391938 
391944 
391952 
391956 
391988 
391988 
392000 
392012 
392028 
392048 
392056 
392060 
392064 
392076 
392076 
392104 
392112 
392116 
392120 
392120 
392124 
392136 
392144 
392154 
392164 
392192 
392212 
392232 
392236 
392240 
392240 
392244 
392252 
392252 
392256 
392256 
392268 
392272 
392280 
392284 
392292 
392300 
392300 
392300 
392312 
392316 
392324 
392348 
392352 
392352 
392360 
392364 
392364 
392388 
392400 
392400 
392408 
392412 
392420 
392432 
392440 
392448 
392456 
392460 
392460 
392464 
392464 
392468 
392468 
392480 
392492 
392496 
392512 
392512 
392516 
392536 
392536 
392540 
392556 
392572 
392572 
392576 
392584 
392584 
392596 
392632 
392640 
392646 
392652 
392660 
392664 
392664 
392668 
392668 
392672 
392672 
392676 
392676 
392680 
392680 
392692 
392696 
392696 
392696 
392708 
392708 
392708 
392712 
392724 
392736 
392744 
392748 
392752 
392752 
392776 
392780 
392796 
392800 
392800 
392816 
392816 
392820 
392832 
392840 
392840 
392844 
392844 
392852 
392856 
392868 
392868 
392888 
392892 
392892 
392904 
392912 
392912 
392924 
392948 
392948 
392960 
392960 
392964 
392972 
392980 
392980 
392984 
392996 
393000 
393000 
393004 
393012 
393020 
393032 
393044 
393048 
393052 
393056 
393056 
393076 
393080 
393092 
393092 
393096 
393102 
393112 
393140 
393152 
393156 
393156 
393160 
393160 
393164 
393188 
393200 
393200 
393212 
393216 
393236 
393240 
393244 
393252 
393268 
393268 
393276 
393288 
393292 
393296 
393300 
393312 
393316 
393316 
393340 
393340 
393352 
393360 
393383 
393384 
393388 
393392 
393400 
393408 
393408 
393416 
393436 
393444 
393464 
393472 
393476 
393480 
393480 
393484 
393496 
393496 
393508 
393508 
393508 
393528 
393532 
393572 
393576 
393580 
393580 
393604 
393604 
393608 
393608 
393608 
393618 
393620 
393644 
393644 
393648 
393652 
393656 
393684 
393688 
393688 
393692 
393696 
393696 
393700 
393704 
393708 
393708 
393716 
393740 
393744 
393756 
393768 
393768 
393768 
393776 
393776 
393788 
393792 
393824 
393824 
393832 
393840 
393840 
393840 
393856 
393860 
393868 
393872 
393876 
393884 
393884 
393884 
393892 
393892 
393908 
393912 
393916 
393916 
393920 
393928 
393928 
393936 
393940 
393952 
393952 
393952 
393956 
393960 
393976 
393976 
393980 
393996 
394000 
394004 
394004 
394032 
394038 
394068 
394068 
394068 
394104 
394112 
394112 
394112 
394128 
394128 
394128 
394144 
394148 
394156 
394156 
394164 
394168 
394172 
394176 
394180 
394200 
394204 
394204 
394208 
394212 
394216 
394220 
394220 
394236 
394240 
394248 
394276 
394288 
394300 
394302 
394304 
394304 
394312 
394312 
394324 
394328 
394344 
394356 
394364 
394364 
394368 
394372 
394388 
394388 
394400 
394400 
394404 
394412 
394420 
394424 
394428 
394436 
394444 
394456 
394460 
394468 
394472 
394475 
394476 
394484 
394488 
394496 
394528 
394540 
394544 
394552 
394552 
394564 
394568 
394580 
394588 
394592 
394596 
394600 
394612 
394628 
394648 
394656 
394660 
394664 
394688 
394696 
394712 
394724 
394736 
394739 
394740 
394764 
394768 
394772 
394782 
394794 
394816 
394840 
394844 
394856 
394856 
394860 
394880 
394884 
394888 
394892 
394912 
394916 
394916 
394932 
394944 
394956 
394964 
394964 
394964 
394968 
394972 
394972 
394972 
394976 
394984 
395004 
395016 
395016 
395020 
395044 
395048 
395052 
395060 
395068 
395072 
395072 
395088 
395092 
395100 
395100 
395118 
395120 
395124 
395136 
395140 
395152 
395160 
395192 
395208 
395208 
395212 
395256 
395256 
395272 
395280 
395284 
395284 
395298 
395336 
395344 
395348 
395352 
395356 
395372 
395384 
395388 
395388 
395392 
395400 
395400 
395400 
395416 
395424 
395432 
395436 
395436 
395440 
395448 
395452 
395464 
395464 
395508 
395514 
395516 
395524 
395532 
395544 
395556 
395556 
395568 
395568 
395572 
395584 
395588 
395612 
395616 
395616 
395628 
395640 
395640 
395644 
395660 
395668 
395688 
395716 
395732 
395740 
395748 
395800 
395848 
395876 
395880 
395888 
395900 
395908 
395912 
395916 
395924 
395924 
395928 
395944 
395952 
395960 
395980 
395984 
396000 
396000 
396008 
396012 
396016 
396052 
396056 
396072 
396076 
396080 
396084 
396156 
396204 
396216 
396228 
396232 
396236 
396240 
396240 
396256 
396282 
396296 
396296 
396304 
396308 
396316 
396364 
396376 
396376 
396384 
396388 
396392 
396396 
396400 
396408 
396416 
396424 
396436 
396436 
396444 
396448 
396480 
396492 
396500 
396504 
396510 
396512 
396536 
396544 
396548 
396572 
396592 
396608 
396624 
396644 
396644 
396656 
396656 
396664 
396712 
396716 
396748 
396752 
396764 
396780 
396796 
396800 
396808 
396808 
396812 
396816 
396816 
396820 
396872 
396928 
396928 
396936 
396944 
396952 
396980 
396984 
396990 
397008 
397020 
397028 
397040 
397044 
397068 
397088 
397096 
397100 
397104 
397116 
397124 
397132 
397132 
397136 
397140 
397156 
397164 
397168 
397172 
397196 
397200 
397204 
397254 
397272 
397272 
397276 
397280 
397284 
397284 
397292 
397296 
397300 
397302 
397328 
397340 
397340 
397344 
397348 
397348 
397368 
397368 
397392 
397404 
397432 
397444 
397476 
397492 
397496 
397520 
397540 
397548 
397552 
397576 
397588 
397620 
397628 
397628 
397668 
397708 
397724 
397724 
397736 
397756 
397792 
397804 
397812 
397816 
397824 
397848 
397868 
397876 
397884 
397892 
397904 
397916 
397916 
397950 
397952 
397952 
397956 
397964 
397988 
397988 
398048 
398056 
398076 
398080 
398136 
398176 
398184 
398204 
398212 
398256 
398268 
398288 
398296 
398296 
398320 
398336 
398352 
398376 
398380 
398396 
398440 
398456 
398472 
398480 
398484 
398488 
398496 
398528 
398552 
398552 
398576 
398580 
398604 
398620 
398624 
398628 
398628 
398628 
398636 
398656 
398684 
398700 
398708 
398724 
398740 
398766 
398788 
398816 
398832 
398852 
398876 
398880 
398884 
398896 
398896 
398908 
398912 
398912 
398928 
398972 
398976 
398984 
399040 
399044 
399060 
399068 
399076 
399078 
399100 
399108 
399112 
399124 
399144 
399148 
399208 
399232 
399252 
399260 
399268 
399272 
399272 
399272 
399308 
399340 
399348 
399416 
399440 
399476 
399496 
399524 
399556 
399572 
399580 
399588 
399604 
399604 
399660 
399680 
399692 
399732 
399756 
399804 
399812 
399824 
399876 
399884 
399888 
399906 
399920 
399932 
399932 
399936 
399936 
399964 
399992 
400008 
400008 
400024 
400044 
400062 
400064 
400074 
400108 
400124 
400156 
400156 
400188 
400212 
400224 
400228 
400228 
400264 
400264 
400284 
400324 
400340 
400348 
400386 
400396 
400400 
400400 
400412 
400420 
400472 
400480 
400532 
400556 
400592 
400600 
400624 
400632 
400652 
400736 
400748 
400764 
400828 
400848 
400854 
400876 
400896 
400900 
400914 
400920 
400976 
400980 
400988 
401004 
401128 
401136 
401136 
401140 
401188 
401308 
401316 
401392 
401420 
401452 
401456 
401460 
401468 
401492 
401492 
401504 
401564 
401580 
401600 
401608 
401628 
401648 
401664 
401676 
401680 
401700 
401718 
401764 
401808 
401832 
401836 
401840 
401880 
401884 
401904 
401904 
401916 
401924 
402000 
402024 
402032 
402032 
402040 
402056 
402112 
402120 
402208 
402216 
402240 
402240 
402244 
402252 
402292 
402296 
402300 
402316 
402328 
402376 
402384 
402388 
402392 
402392 
402408 
402412 
402428 
402444 
402508 
402512 
402528 
402536 
402555 
402576 
402592 
402592 
402612 
402620 
402640 
402640 
402644 
402664 
402679 
402684 
402684 
402728 
402820 
402820 
402840 
402844 
402846 
402852 
402876 
402880 
402884 
402912 
402932 
402936 
402980 
403016 
403044 
403068 
403104 
403116 
403116 
403152 
403156 
403184 
403204 
403236 
403240 
403266 
403276 
403296 
403312 
403320 
403320 
403360 
403380 
403420 
403468 
403488 
403496 
403500 
403516 
403540 
403556 
403572 
403612 
403620 
403710 
403728 
403756 
403796 
403804 
403824 
403832 
403860 
403860 
403864 
403868 
403899 
403900 
403912 
403940 
404016 
404052 
404084 
404208 
404212 
404216 
404260 
404272 
404296 
404340 
404392 
404424 
404428 
404484 
404540 
404548 
404552 
404605 
404682 
404788 
404820 
404824 
404824 
404844 
404888 
404936 
404964 
404964 
404964 
404980 
405016 
405032 
405072 
405072 
405156 
405188 
405200 
405220 
405304 
405316 
405336 
405352 
405360 
405408 
405576 
405644 
405656 
405704 
405704 
405738 
405768 
405800 
405816 
405828 
405852 
405857 
405876 
405908 
405924 
405972 
406012 
406020 
406028 
406048 
406108 
406132 
406148 
406172 
406224 
406240 
406244 
406272 
406280 
406292 
406460 
406468 
406540 
406540 
406576 
406624 
406627 
406644 
406740 
406748 
406780 
406788 
406812 
406820 
406832 
406872 
406876 
406884 
406920 
406929 
406936 
406952 
406992 
407016 
407036 
407043 
407048 
407076 
407100 
407120 
407128 
407148 
407164 
407180 
407220 
407248 
407264 
407280 
407288 
407320 
407332 
407352 
407354 
407364 
407448 
407452 
407472 
407512 
407532 
407536 
407544 
407564 
407648 
407656 
407660 
407668 
407700 
407728 
407748 
407764 
407768 
407780 
407780 
407816 
407837 
407844 
407876 
407884 
407928 
407952 
407980 
408028 
408156 
408164 
408180 
408192 
408200 
408224 
408232 
408280 
408296 
408308 
408324 
408408 
408424 
408428 
408480 
408484 
408484 
408508 
408524 
408532 
408536 
408550 
408556 
408608 
408632 
408648 
408668 
408836 
408868 
408920 
408936 
408964 
408980 
409024 
409046 
409052 
409084 
409088 
409094 
409116 
409156 
409212 
409268 
409288 
409328 
409328 
409376 
409408 
409412 
409428 
409436 
409452 
409544 
409560 
409656 
409692 
409744 
409744 
409752 
409776 
409788 
409792 
409838 
409876 
409888 
409908 
409972 
410016 
410016 
410036 
410069 
410100 
410120 
410120 
410120 
410144 
410148 
410260 
410284 
410300 
410304 
410304 
410344 
410392 
410428 
410468 
410472 
410480 
410496 
410588 
410604 
410624 
410636 
410756 
410772 
410782 
410782 
410820 
410840 
410856 
410888 
410908 
410928 
410948 
410948 
410968 
410976 
411004 
411028 
411124 
411180 
411180 
411244 
411360 
411400 
411448 
411468 
411492 
411492 
411504 
411536 
411540 
411572 
411600 
411612 
411620 
411644 
411676 
411714 
411740 
411748 
411748 
411748 
411812 
411832 
411864 
411883 
411892 
411932 
411944 
412005 
412019 
412020 
412028 
412060 
412100 
412156 
412164 
412176 
412176 
412188 
412208 
412232 
412256 
412276 
412328 
412380 
412412 
412424 
412504 
412528 
412552 
412602 
412696 
412732 
412820 
412832 
412899 
412972 
413004 
413020 
413032 
413076 
413076 
413092 
413096 
413106 
413182 
413192 
413260 
413280 
413284 
413296 
413344 
413348 
413379 
413396 
413403 
413440 
413459 
413544 
413544 
413556 
413564 
413640 
413652 
413660 
413672 
413748 
413784 
413784 
413836 
413872 
413876 
413904 
413908 
413956 
413988 
414000 
414093 
414151 
414158 
414204 
414252 
414304 
414340 
414380 
414416 
414428 
414442 
414488 
414510 
414576 
414591 
414668 
414672 
414692 
414700 
414728 
414744 
414744 
414760 
414812 
414820 
414848 
414864 
414884 
414942 
414958 
414968 
414992 
415088 
415112 
415124 
415140 
415141 
415184 
415228 
415236 
415236 
415280 
415312 
415356 
415368 
415404 
415420 
415444 
415448 
415460 
415572 
415600 
415630 
415677 
415728 
415780 
415832 
415840 
415840 
416036 
416056 
416132 
416192 
416192 
416217 
416244 
416292 
416294 
416356 
416416 
416430 
416524 
416560 
416628 
416676 
416724 
416740 
416780 
416824 
416844 
416856 
416856 
416856 
416880 
416931 
416936 
416956 
416972 
416996 
417024 
417024 
417086 
417096 
417152 
417176 
417188 
417216 
417219 
417272 
417288 
417288 
417300 
417318 
417330 
417368 
417368 
417380 
417384 
417400 
417400 
417412 
417420 
417436 
417460 
417488 
417492 
417500 
417556 
417556 
417576 
417589 
417612 
417651 
417652 
417712 
417764 
417784 
417832 
417840 
417856 
417868 
417900 
417924 
417960 
417976 
417984 
417992 
418064 
418140 
418172 
418332 
418336 
418394 
418472 
418472 
418496 
418590 
418636 
418772 
418868 
419012 
419056 
419088 
419116 
419136 
419148 
419168 
419188 
419220 
419256 
419259 
419292 
419360 
419436 
419472 
419484 
419512 
419704 
419704 
419772 
419812 
419826 
419828 
419888 
419896 
419940 
420140 
420172 
420192 
420300 
420328 
420356 
420468 
420488 
420524 
420528 
420540 
420676 
420688 
420708 
420760 
420828 
420960 
420992 
421120 
421302 
421340 
421372 
421424 
421460 
421512 
421560 
421592 
421596 
421600 
421624 
421791 
421812 
421838 
421840 
421908 
421908 
421920 
421982 
422064 
422068 
422072 
422088 
422104 
422144 
422204 
422256 
422268 
422272 
422328 
422342 
422343 
422368 
422372 
422384 
422420 
422436 
422522 
422756 
422768 
422852 
422952 
422984 
423108 
423108 
423135 
423162 
423180 
423208 
423232 
423243 
423243 
423298 
423304 
423388 
423423 
423424 
423432 
423444 
423531 
423531 
423531 
423549 
423576 
423594 
423672 
423680 
423738 
423918 
423972 
423999 
423999 
424044 
424053 
424071 
424125 
424144 
424172 
424192 
424236 
424512 
424539 
424557 
424664 
424684 
424728 
424818 
424828 
424888 
424904 
424904 
425004 
425016 
425032 
425032 
425034 
425037 
425084 
425088 
425088 
425097 
425116 
425277 
425296 
425298 
425360 
425372 
425547 
425568 
425583 
425608 
425624 
425636 
425656 
425680 
425694 
425754 
425826 
425832 
425928 
425979 
426042 
426060 
426078 
426106 
426177 
426180 
426280 
426328 
426330 
426348 
426348 
426429 
426430 
426440 
426582 
426716 
426724 
426780 
426784 
426836 
426992 
427032 
427056 
427144 
427212 
427276 
427638 
427643 
427653 
427800 
427904 
427940 
428048 
428152 
428176 
428176 
428176 
428196 
428216 
428271 
428292 
428312 
428344 
428344 
428504 
428508 
428528 
428536 
428552 
428688 
428696 
428732 
428764 
428768 
428769 
428808 
428850 
428880 
428922 
428948 
428976 
428996 
429032 
429064 
429084 
429096 
429104 
429112 
429120 
429160 
429168 
429172 
429203 
429216 
429236 
429248 
429264 
429264 
429273 
429328 
429336 
429338 
429352 
429376 
429392 
429440 
429504 
429528 
429528 
429552 
429584 
429642 
429687 
429712 
429720 
429750 
429768 
429800 
429813 
429831 
429831 
429832 
429849 
429858 
429858 
429867 
429872 
429876 
429921 
429984 
429993 
430029 
430038 
430038 
430048 
430074 
430119 
430123 
430137 
430137 
430146 
430160 
430168 
430173 
430232 
430245 
430245 
430272 
430290 
430308 
430335 
430392 
430398 
430408 
430452 
430515 
430520 
430569 
430569 
430650 
430713 
430722 
430740 
430744 
430756 
430776 
430794 
430803 
430804 
430929 
430938 
430965 
430972 
430983 
431019 
431080 
431082 
431091 
431172 
431226 
431235 
431264 
431280 
431289 
431307 
431307 
431340 
431361 
431361 
431370 
431406 
431424 
431433 
431460 
431460 
431505 
431520 
431532 
431550 
431608 
431640 
431645 
431649 
431714 
431730 
431766 
431766 
431804 
431829 
431964 
432064 
432068 
432108 
432153 
432171 
432176 
432184 
432207 
432252 
432324 
432342 
432344 
432360 
432369 
432369 
432460 
432496 
432594 
432621 
432720 
432732 
432783 
432810 
432912 
432920 
432999 
433053 
433089 
433136 
433136 
433272 
433426 
433488 
433584 
433620 
433640 
433672 
433758 
433809 
433938 
434116 
434133 
434292 
434295 
434358 
434718 
434856 
434885 
434889 
434898 
434970 
434979 
434984 
434996 
435069 
435105 
435204 
435276 
435312 
435321 
435375 
435393 
435450 
435522 
435588 
435640 
435672 
435798 
436068 
436176 
436188 
436252 
436280 
436404 
436446 
436464 
436536 
436568 
436572 
436596 
436638 
436734 
436824 
436890 
436923 
436932 
436958 
436968 
437046 
437112 
437204 
437216 
437238 
437244 
437276 
437287 
437355 
437368 
437410 
437416 
437422 
437445 
437452 
437472 
437534 
437564 
437586 
437596 
437625 
437706 
437790 
437802 
437868 
437928 
437954 
437976 
437976 
437986 
437996 
438008 
438038 
438048 
438048 
438048 
438054 
438060 
438078 
438078 
438080 
438120 
438152 
438192 
438228 
438237 
438242 
438244 
438244 
438244 
438244 
438284 
438324 
438326 
438346 
438356 
438368 
438368 
438464 
438516 
438520 
438552 
438562 
438572 
438588 
438666 
438674 
438676 
438676 
438716 
438776 
438831 
438860 
438880 
438922 
438944 
438948 
438952 
438968 
439014 
439020 
439029 
439096 
439110 
439152 
439194 
439200 
439210 
439230 
439242 
439260 
439324 
439335 
439349 
439368 
439392 
439510 
439570 
439605 
439746 
439776 
439868 
439888 
439968 
439984 
440074 
440109 
440116 
440126 
440126 
440208 
440260 
440384 
440436 
440466 
440476 
440478 
440568 
440586 
440622 
440672 
440752 
440784 
440957 
440964 
440982 
441124 
441283 
441423 
441462 
441603 
441624 
441985 
442008 
442071 
442125 
442140 
442161 
442164 
442232 
442233 
442308 
442316 
442341 
442368 
442376 
442413 
442494 
442530 
442562 
442656 
442710 
442710 
442719 
442852 
442998 
443007 
443016 
443038 
443052 
443052 
443073 
443124 
443187 
443187 
443196 
443223 
443354 
443356 
443358 
443457 
443484 
443511 
443529 
443556 
443565 
443608 
443674 
443688 
443691 
443763 
443898 
443910 
443952 
443979 
443982 
444015 
444044 
444052 
444052 
444132 
444204 
444518 
444618 
444645 
444717 
444771 
444807 
444870 
444955 
445060 
445272 
445292 
445302 
445311 
445455 
446052 
446306 
446628 
446751 
446994 
447009 
447052 
447098 
447120 
447143 
447264 
447291 
447372 
447663 
447684 
447828 
447896 
447995 
448016 
448641 
448768 
449058 
449184 
449246 
449336 
449590 
449988 
450009 
450022 
450077 
450284 
450588 
450842 
450848 
451132 
451502 
451666 
451800 
451973 
452026 
452036 
452098 
452128 
452326 
452371 
452398 
452468 
452478 
452500 
452560 
452592 
452624 
452632 
452642 
452644 
452680 
452758 
452758 
452778 
452838 
452910 
452910 
452972 
452972 
452988 
453118 
453264 
453288 
453312 
453364 
453374 
453374 
453414 
453498 
453604 
453744 
453776 
453950 
454176 
454196 
454218 
454288 
454680 
454710 
454710 
454988 
455108 
455118 
455169 
455224 
455556 
455760 
455832 
455860 
455931 
455954 
456048 
456183 
456324 
456347 
456360 
456408 
456604 
456696 
456858 
457066 
457138 
457164 
457208 
457472 
457498 
457596 
457652 
457672 
457698 
457950 
458022 
458112 
458250 
458316 
458514 
458532 
458592 
458805 
458938 
459162 
459206 
459585 
459774 
459812 
459856 
459909 
460276 
460376 
461007 
461008 
461088 
461448 
461484 
462251 
462256 
462276 
462452 
462652 
462794 
462816 
463054 
463176 
463381 
463504 
463545 
463608 
463866 
464246 
464516 
465144 
465952 
466182 
466196 
466480 
466916 
467044 
467064 
467091 
467212 
467307 
467541 
467928 
467946 
467968 
468207 
468324 
468855 
469056 
469071 
469088 
469449 
470673 
471294 
471861 
472815 
472914 
473049 
473517 
473624 
473672 
474345 
474372 
474544 
474570 
474588 
475263 
475968 
476217 
476676 
477207 
477674 
477855 
478044 
478435 
478584 
478784 
479148 
479546 
479793 
479818 
479942 
480116 
480357 
480536 
480996 
481698 
481788 
481832 
481968 
482410 
482756 
482812 
482967 
483156 
484815 
485271 
485322 
485550 
485636 
486616 
486816 
486963 
487251 
487596 
487728 
488367 
488529 
488892 
489972 
490616 
490846 
491232 
491276 
491670 
492309 
492376 
492606 
492624 
492954 
493011 
493386 
493440 
493462 
493668 
493909 
495524 
495567 
496539 
497313 
497412 
497952 
498015 
498465 
498888 
499176 
499464 
499626 
499800 
499809 
499814 
500112 
500338 
500502 
500508 
501084 
501219 
501224 
501777 
502262 
502614 
502615 
504392 
504558 
504774 
504804 
505428 
506132 
507126 
507960 
508176 
508752 
509184 
510399 
511044 
511320 
511605 
512137 
513092 
513598 
514912 
518144 
518658 
518661 
519288 
520416 
521292 
521886 
522244 
522891 
525825 
527129 
527284 
528264 
528557 
528732 
529200 
530961 
530964 
531636 
533043 
533216 
533364 
535977 
536868 
537444 
539538 
539937 
541784 
543173 
543210 
543766 
552040 
557848 
559988 
567252 
572396 
574425 
580541 
586251 
588736 
590228 
597431 
614032 
626092 
667142 
668096 
684576 
701280 
725928 
772632 
853927 
906660 
985284 
1049595 
1090852 
1101620 
1118396 
1148868 
1185452 
1281896 
1283080 
1332948 
1428652 
1430104 
1538624 
1604356 
1744860 
1779088 
1918529 
3609584 
