2.574987
2.576509
2.578031
2.579552
2.581073
2.582593
2.584114
2.585634
2.587153
2.588672
2.590191
2.591710
2.593228
2.594746
2.596264
2.597781
2.599298
2.600815
2.602331
2.603847
2.605363
2.606878
2.608393
2.609907
2.611421
2.612935
2.614448
2.615961
2.617474
2.618986
2.620497
2.622009
2.623520
2.625030
2.626540
2.628050
2.629559
2.631068
2.632576
2.634084
2.635592
2.637099
2.638606
2.640112
2.641618
2.643123
2.644628
2.646132
2.647636
2.649140
2.650643
2.652145
2.653647
2.655149
2.656650
2.658151
2.659651
2.661150
2.662650
2.664148
2.665646
2.667144
2.668641
2.670138
2.671634
2.673130
2.674624
2.676119
2.677613
2.679106
2.680599
2.682092
2.683583
2.685075
2.686566
2.688056
2.689545
2.691034
2.692523
2.694011
2.695498
2.696985
2.698471
2.699956
2.701442
2.702926
2.704410
2.705893
2.707376
2.708858
2.710339
2.711820
2.713300
2.714779
2.716258
2.717737
2.719214
2.720691
2.722168
2.723644
2.725119
2.726593
2.728067
2.729540
2.731013
2.732484
2.733955
2.735426
2.736896
2.738365
2.739833
2.741301
2.742768
2.744235
2.745701
2.747165
2.748630
2.750093
2.751556
2.753019
2.754480
2.755941
2.757401
2.758860
2.760319
2.761777
2.763234
2.764690
2.766146
2.767601
2.769055
2.770509
2.771961
2.773413
2.774864
2.776315
2.777765
2.779213
2.780661
2.782109
2.783555
2.785001
2.786446
2.787890
2.789333
2.790776
2.792218
2.793659
2.795099
2.796538
2.797977
2.799414
2.800851
2.802287
2.803723
2.805157
2.806591
2.808023
2.809455
2.810886
2.812316
2.813746
2.815174
2.816602
2.818028
2.819454
2.820879
2.822304
2.823727
2.825149
2.826571
2.827991
2.829411
2.830830
2.832248
2.833665
2.835081
2.836496
2.837910
2.839324
2.840736
2.842148
2.843559
2.844968
2.846377
2.847785
2.849192
2.850598
2.852003
2.853407
2.854810
2.856212
2.857614
2.859014
2.860413
2.861812
2.863209
2.864605
2.866001
2.867395
2.868789
2.870181
2.871573
2.872963
2.874353
2.875741
2.877129
2.878515
2.879901
2.881285
2.882669
2.884051
2.885433
2.886813
2.888192
2.889571
2.890948
2.892324
2.893700
2.895074
2.896447
2.897819
2.899190
2.900560
2.901929
2.903297
2.904664
2.906029
2.907394
2.908758
2.910120
2.911482
2.912842
2.914201
2.915559
2.916916
2.918272
2.919627
2.920981
2.922333
2.923685
2.925035
2.926385
2.927733
2.929080
2.930426
2.931771
2.933114
2.934457
2.935798
2.937139
2.938478
2.939816
2.941152
2.942488
2.943822
2.945156
2.946488
2.947819
2.949149
2.950477
2.951805
2.953131
2.954456
2.955780
2.957103
2.958424
2.959744
2.961064
2.962382
2.963698
2.965014
2.966328
2.967641
2.968953
2.970264
2.971573
2.972881
2.974188
2.975494
2.976799
2.978102
2.979404
2.980705
2.982004
2.983302
2.984599
2.985895
2.987190
2.988483
2.989775
2.991065
2.992355
2.993643
2.994930
2.996215
2.997499
2.998783
3.000064
3.001345
3.002624
3.003902
3.005178
3.006453
3.007727
3.009000
3.010271
3.011541
3.012810
3.014077
3.015343
3.016608
3.017871
3.019133
3.020394
3.021653
3.022911
3.024167
3.025423
3.026677
3.027929
3.029180
3.030430
3.031678
3.032926
3.034171
3.035416
3.036659
3.037900
3.039140
3.040379
3.041617
3.042853
3.044087
3.045321
3.046552
3.047783
3.049012
3.050240
3.051466
3.052691
3.053914
3.055136
3.056356
3.057575
3.058793
3.060009
3.061224
3.062438
3.063649
3.064860
3.066069
3.067276
3.068483
3.069687
3.070890
3.072092
3.073292
3.074491
3.075689
3.076885
3.078079
3.079272
3.080463
3.081653
3.082842
3.084029
3.085214
3.086398
3.087581
3.088762
3.089941
3.091119
3.092296
3.093471
3.094644
3.095816
3.096987
3.098155
3.099323
3.100489
3.101653
3.102816
3.103977
3.105137
3.106295
3.107451
3.108607
3.109760
3.110912
3.112062
3.113211
3.114359
3.115505
3.116649
3.117791
3.118932
3.120072
3.121210
3.122346
3.123481
3.124614
3.125745
3.126875
3.128004
3.129130
3.130255
3.131379
3.132501
3.133621
3.134740
3.135857
3.136973
3.138087
3.139199
3.140310
3.141419
3.142526
3.143632
3.144736
3.145838
3.146940
3.148039
3.149136
3.150232
3.151327
3.152419
3.153510
3.154600
3.155687
3.156773
3.157858
3.158940
3.160021
3.161101
3.162179
3.163254
3.164329
3.165401
3.166472
3.167542
3.168609
3.169675
3.170739
3.171802
3.172863
3.173922
3.174979
3.176035
3.177089
3.178141
3.179192
3.180241
3.181288
3.182333
3.183377
3.184419
3.185459
3.186498
3.187535
3.188570
3.189603
3.190634
3.191664
3.192692
3.193719
3.194743
3.195766
3.196787
3.197806
3.198824
3.199840
3.200854
3.201866
3.202877
3.203885
3.204892
3.205897
3.206901
3.207902
3.208902
3.209900
3.210896
3.211891
3.212884
3.213875
3.214864
3.215851
3.216836
3.217820
3.218802
3.219782
3.220760
3.221737
3.222711
3.223684
3.224655
3.225624
3.226592
3.227557
3.228521
3.229482
3.230443
3.231401
3.232357
3.233311
3.234264
3.235215
3.236164
3.237111
3.238056
3.239000
3.239941
3.240881
3.241819
3.242755
3.243689
3.244621
3.245551
3.246480
3.247406
3.248331
3.249254
3.250175
3.251094
3.252011
3.252927
3.253840
3.254751
3.255661
3.256569
3.257475
3.258379
3.259281
3.260181
3.261079
3.261976
3.262870
3.263762
3.264653
3.265542
3.266428
3.267313
3.268196
3.269077
3.269956
3.270833
3.271708
3.272582
3.273453
3.274323
3.275190
3.276055
3.276919
3.277781
3.278640
3.279498
3.280354
3.281208
3.282059
3.282909
3.283757
3.284603
3.285447
3.286289
3.287129
3.287967
3.288804
3.289638
3.290470
3.291300
3.292128
3.292955
3.293779
3.294601
3.295422
3.296240
3.297056
3.297870
3.298683
3.299493
3.300302
3.301108
3.301912
3.302714
3.303515
3.304313
3.305109
3.305904
3.306696
3.307486
3.308274
3.309061
3.309845
3.310627
3.311407
3.312185
3.312961
3.313735
3.314507
3.315277
3.316045
3.316811
3.317575
3.318337
3.319097
3.319854
3.320610
3.321364
3.322115
3.322865
3.323612
3.324358
3.325101
3.325843
3.326582
3.327319
3.328054
3.328787
3.329518
3.330247
3.330974
3.331699
3.332422
3.333142
3.333861
3.334577
3.335292
3.336004
3.336714
3.337422
3.338128
3.338832
3.339534
3.340234
3.340932
3.341627
3.342321
3.343012
3.343702
3.344389
3.345074
3.345757
3.346438
3.347116
3.347793
3.348468
3.349140
3.349810
3.350478
3.351145
3.351809
3.352470
3.353130
3.353788
3.354443
3.355096
3.355747
3.356397
3.357044
3.357688
3.358331
3.358972
3.359610
3.360246
3.360880
3.361512
3.362142
3.362770
3.363395
3.364019
3.364640
3.365259
3.365876
3.366491
3.367103
3.367714
3.368322
3.368928
3.369532
3.370134
3.370733
3.371331
3.371926
3.372519
3.373110
3.373699
3.374286
3.374870
3.375452
3.376032
3.376610
3.377186
3.377759
3.378331
3.378900
3.379467
3.380032
3.380594
3.381155
3.381713
3.382269
3.382823
3.383375
3.383924
3.384471
3.385016
3.385559
3.386100
3.386638
3.387175
3.387709
3.388241
3.388770
3.389297
3.389823
3.390346
3.390867
3.391385
3.391901
3.392416
3.392928
3.393437
3.393945
3.394450
3.394953
3.395454
3.395952
3.396449
3.396943
3.397435
3.397924
3.398412
3.398897
3.399380
3.399861
3.400339
3.400816
3.401290
3.401762
3.402231
3.402699
3.403163
3.403626
3.404087
3.404545
3.405001
3.405455
3.405907
3.406356
3.406803
3.407248
3.407691
3.408131
3.408569
3.409005
3.409439
3.409870
3.410299
3.410726
3.411150
3.411573
3.411993
3.412410
3.412826
3.413239
3.413650
3.414059
3.414465
3.414870
3.415271
3.415671
3.416068
3.416463
3.416856
3.417247
3.417635
3.418021
3.418405
3.418786
3.419165
3.419542
3.419917
3.420289
3.420659
3.421027
3.421392
3.421755
3.422116
3.422475
3.422831
3.423185
3.423537
3.423886
3.424233
3.424578
3.424921
3.425261
3.425599
3.425934
3.426268
3.426599
3.426928
3.427254
3.427578
3.427900
3.428220
3.428537
3.428852
3.429164
3.429475
3.429783
3.430089
3.430392
3.430693
3.430992
3.431288
3.431583
3.431875
3.432164
3.432451
3.432736
3.433019
3.433299
3.433578
3.433853
3.434127
3.434398
3.434666
3.434933
3.435197
3.435459
3.435718
3.435975
3.436230
3.436483
3.436733
3.436981
3.437226
3.437470
3.437711
3.437949
3.438185
3.438419
3.438651
3.438880
3.439107
3.439332
3.439554
3.439774
3.439992
3.440207
3.440420
3.440631
3.440839
3.441045
3.441249
3.441450
3.441649
3.441846
3.442040
3.442232
3.442422
3.442609
3.442794
3.442977
3.443157
3.443335
3.443511
3.443684
3.443855
3.444024
3.444190
3.444354
3.444515
3.444675
3.444832
3.444986
3.445138
3.445288
3.445436
3.445581
3.445724
3.445864
3.446003
3.446139
3.446272
3.446403
3.446532
3.446659
3.446783
3.446904
3.447024
3.447141
3.447256
3.447368
3.447478
3.447586
3.447691
3.447794
3.447895
3.447993
3.448089
3.448183
3.448274
3.448363
3.448449
3.448534
3.448616
3.448695
3.448772
3.448847
3.448920
3.448990
3.449057
3.449123
3.449186
3.449247
3.449305
3.449361
3.449414
3.449466
3.449515
3.449561
3.449606
3.449648
3.449687
3.449724
3.449759
3.449792
3.449822
3.449850
3.449875
3.449898
3.449919
3.449937
3.449953
3.449967
3.449978
3.449987
3.449994
3.449998
3.450000
3.449999
3.449997
3.449991
3.449984
3.449974
3.449962
3.449947
3.449930
3.449911
3.449889
3.449866
3.449839
3.449811
3.449780
3.449746
3.449710
3.449672
3.449632
3.449589
3.449544
3.449496
3.449446
3.449394
3.449340
3.449283
3.449224
3.449162
3.449098
3.449032
3.448963
3.448892
3.448818
3.448743
3.448665
3.448584
3.448502
3.448416
3.448329
3.448239
3.448147
3.448052
3.447956
3.447856
3.447755
3.447651
3.447545
3.447436
3.447325
3.447212
3.447096
3.446978
3.446858
3.446735
3.446610
3.446483
3.446353
3.446221
3.446086
3.445950
3.445811
3.445669
3.445525
3.445379
3.445231
3.445080
3.444927
3.444771
3.444613
3.444453
3.444291
3.444126
3.443959
3.443789
3.443617
3.443443
3.443267
3.443088
3.442907
3.442723
3.442537
3.442349
3.442158
3.441965
3.441770
3.441573
3.441373
3.441170
3.440966
3.440759
3.440550
3.440338
3.440125
3.439908
3.439690
3.439469
3.439245
3.439020
3.438792
3.438562
3.438329
3.438095
3.437857
3.437618
3.437376
3.437132
3.436886
3.436637
3.436386
3.436132
3.435877
3.435618
3.435358
3.435096
3.434830
3.434563
3.434294
3.434021
3.433747
3.433470
3.433192
3.432910
3.432627
3.432341
3.432053
3.431762
3.431470
3.431175
3.430877
3.430578
3.430275
3.429971
3.429664
3.429356
3.429044
3.428731
3.428415
3.428097
3.427776
3.427454
3.427129
3.426801
3.426471
3.426140
3.425805
3.425469
3.425130
3.424789
3.424445
3.424100
3.423752
3.423401
3.423049
3.422694
3.422337
3.421977
3.421616
3.421252
3.420885
3.420516
3.420146
3.419773
3.419397
3.419019
3.418639
3.418257
3.417872
3.417486
3.417097
3.416705
3.416312
3.415915
3.415517
3.415117
3.414714
3.414309
3.413902
3.413492
3.413080
3.412666
3.412250
3.411831
3.411410
3.410987
3.410562
3.410134
3.409704
3.409272
3.408838
3.408401
3.407962
3.407521
3.407077
3.406631
3.406183
3.405733
3.405281
3.404826
3.404369
3.403910
3.403448
3.402985
3.402519
3.402050
3.401580
3.401107
3.400632
3.400155
3.399676
3.399194
3.398710
3.398224
3.397736
3.397246
3.396753
3.396258
3.395761
3.395261
3.394759
3.394256
3.393749
3.393241
3.392730
3.392218
3.391703
3.391186
3.390666
3.390145
3.389621
3.389095
3.388566
3.388036
3.387503
3.386968
3.386431
3.385892
3.385350
3.384807
3.384261
3.383713
3.383162
3.382610
3.382055
3.381498
3.380939
3.380378
3.379815
3.379249
3.378681
3.378111
3.377539
3.376965
3.376388
3.375809
3.375228
3.374645
3.374060
3.373472
3.372883
3.372291
3.371697
3.371101
3.370503
3.369902
3.369299
3.368695
3.368088
3.367479
3.366867
3.366254
3.365638
3.365021
3.364401
3.363779
3.363154
3.362528
3.361900
3.361269
3.360636
3.360001
3.359364
3.358725
3.358084
3.357440
3.356795
3.356147
3.355497
3.354845
3.354191
3.353534
3.352876
3.352216
3.351553
3.350888
3.350221
3.349552
3.348881
3.348208
3.347533
3.346855
3.346175
3.345494
3.344810
3.344124
3.343436
3.342746
3.342054
3.341360
3.340663
3.339965
3.339264
3.338562
3.337857
3.337150
3.336441
3.335730
3.335017
3.334301
3.333584
3.332865
3.332143
3.331420
3.330694
3.329967
3.329237
3.328505
3.327771
3.327035
3.326297
3.325557
3.324815
3.324071
3.323325
3.322577
3.321826
3.321074
3.320319
3.319563
3.318804
3.318044
3.317281
3.316516
3.315750
3.314981
3.314210
3.313437
3.312663
3.311886
3.311107
3.310326
3.309543
3.308758
3.307971
3.307182
3.306391
3.305598
3.304803
3.304006
3.303207
3.302406
3.301602
3.300797
3.299990
3.299181
3.298370
3.297557
3.296742
3.295925
3.295106
3.294285
3.293462
3.292637
3.291810
3.290981
3.290150
3.289317
3.288482
3.287645
3.286806
3.285965
3.285122
3.284277
3.283431
3.282582
3.281731
3.280879
3.280024
3.279168
3.278309
3.277449
3.276587
3.275722
3.274856
3.273988
3.273118
3.272246
3.271372
3.270496
3.269618
3.268738
3.267856
3.266973
3.266087
3.265199
3.264310
3.263419
3.262526
3.261630
3.260733
3.259834
3.258934
3.258031
3.257126
3.256219
3.255311
3.254400
3.253488
3.252574
3.251658
3.250740
3.249820
3.248899
3.247975
3.247050
3.246122
3.245193
3.244262
3.243329
3.242394
3.241458
3.240519
3.239579
3.238636
3.237692
3.236746
3.235799
3.234849
3.233897
3.232944
3.231989
3.231032
3.230073
3.229112
3.228150
3.227185
3.226219
3.225251
3.224281
3.223310
3.222336
3.221361
3.220384
3.219405
3.218424
3.217441
3.216457
3.215471
3.214483
3.213493
3.212502
3.211508
3.210513
3.209516
3.208517
3.207517
3.206514
3.205510
3.204504
3.203497
3.202487
3.201476
3.200463
3.199449
3.198432
3.197414
3.196394
3.195372
3.194349
3.193323
3.192297
3.191268
3.190237
3.189205
3.188171
3.187135
3.186098
3.185059
3.184018
3.182975
3.181931
3.180885
3.179837
3.178787
3.177736
3.176683
3.175628
3.174572
3.173514
3.172454
3.171393
3.170330
3.169265
3.168198
3.167130
3.166060
3.164988
3.163915
3.162840
3.161763
3.160685
3.159605
3.158523
3.157440
3.156355
3.155268
3.154180
3.153090
3.151999
3.150905
3.149810
3.148714
3.147615
3.146516
3.145414
3.144311
3.143206
3.142100
3.140992
3.139882
3.138771
3.137658
3.136543
3.135427
3.134309
3.133190
3.132069
3.130946
3.129822
3.128696
3.127569
3.126440
3.125309
3.124177
3.123044
3.121908
3.120771
3.119633
3.118493
3.117351
3.116208
3.115063
3.113917
3.112769
3.111619
3.110468
3.109316
3.108162
3.107006
3.105849
3.104690
3.103530
3.102368
3.101205
3.100040
3.098873
3.097705
3.096536
3.095365
3.094192
3.093018
3.091843
3.090666
3.089487
3.088307
3.087125
3.085942
3.084758
3.083572
3.082384
3.081195
3.080004
3.078812
3.077619
3.076424
3.075227
3.074030
3.072830
3.071629
3.070427
3.069223
3.068018
3.066811
3.065603
3.064394
3.063183
3.061970
3.060756
3.059541
3.058324
3.057106
3.055886
3.054665
3.053443
3.052219
3.050993
3.049767
3.048538
3.047309
3.046078
3.044846
3.043612
3.042377
3.041140
3.039902
3.038663
3.037422
3.036180
3.034936
3.033692
3.032445
3.031198
3.029949
3.028698
3.027447
3.026194
3.024939
3.023683
3.022426
3.021168
3.019908
3.018647
3.017384
3.016120
3.014855
3.013589
3.012321
3.011052
3.009781
3.008510
3.007236
3.005962
3.004687
3.003409
3.002131
3.000852
2.999571
2.998288
2.997005
2.995720
2.994434
2.993147
2.991858
2.990568
2.989277
2.987985
2.986691
2.985396
2.984100
2.982802
2.981503
2.980203
2.978902
2.977600
2.976296
2.974991
2.973685
2.972377
2.971069
2.969759
2.968448
2.967135
2.965822
2.964507
2.963191
2.961874
2.960556
2.959236
2.957915
2.956593
2.955270
2.953946
2.952620
2.951293
2.949965
2.948636
2.947306
2.945975
2.944642
2.943308
2.941973
2.940637
2.939300
2.937962
2.936622
2.935282
2.933940
2.932597
2.931253
2.929908
2.928561
2.927214
2.925865
2.924515
2.923164
2.921813
2.920460
2.919105
2.917750
2.916394
2.915036
2.913677
2.912318
2.910957
2.909595
2.908232
2.906868
2.905503
2.904137
2.902770
2.901402
2.900033
2.898662
2.897290
2.895918
2.894545
2.893170
2.891794
2.890418
2.889040
2.887661
2.886281
2.884901
2.883519
2.882136
2.880752
2.879367
2.877981
2.876594
2.875206
2.873818
2.872428
2.871037
2.869645
2.868252
2.866858
2.865463
2.864068
2.862671
2.861273
2.859874
2.858474
2.857074
2.855672
2.854270
2.852866
2.851462
2.850056
2.848650
2.847243
2.845834
2.844425
2.843015
2.841604
2.840192
2.838779
2.837366
2.835951
2.834535
2.833119
2.831702
2.830283
2.828864
2.827444
2.826023
2.824601
2.823179
2.821755
2.820330
2.818905
2.817479
2.816052
2.814624
2.813195
2.811765
2.810335
2.808903
2.807471
2.806038
2.804604
2.803170
2.801734
2.800298
2.798861
2.797423
2.795984
2.794544
2.793104
2.791662
2.790220
2.788777
2.787334
2.785889
2.784444
2.782998
2.781551
2.780103
2.778655
2.777206
2.775756
2.774305
2.772854
2.771402
2.769949
2.768495
2.767040
2.765585
2.764129
2.762673
2.761215
2.759757
2.758298
2.756839
2.755378
2.753917
2.752455
2.750993
2.749530
2.748066
2.746601
2.745136
2.743670
2.742203
2.740736
2.739268
2.737799
2.736330
2.734859
2.733389
2.731917
2.730445
2.728972
2.727499
2.726025
2.724550
2.723075
2.721599
2.720122
2.718645
2.717167
2.715689
2.714210
2.712730
2.711249
2.709768
2.708287
2.706804
2.705322
2.703838
2.702354
2.700869
2.699384
2.697898
2.696412
2.694925
2.693438
2.691949
2.690461
2.688972
2.687482
2.685991
2.684500
2.683009
2.681517
2.680024
2.678531
2.677037
2.675543
2.674049
2.672553
2.671057
2.669561
2.668064
2.666567
2.665069
2.663571
2.662072
2.660573
2.659073
2.657573
2.656072
2.654571
2.653069
2.651567
2.650064
2.648561
2.647057
2.645553
2.644048
2.642543
2.641037
2.639532
2.638025
2.636518
2.635011
2.633503
2.631995
2.630487
2.628978
2.627468
2.625958
2.624448
2.622937
2.621426
2.619915
2.618403
2.616891
2.615378
2.613865
2.612352
2.610838
2.609324
2.607809
2.606294
2.604779
2.603263
2.601747
2.600231
2.598714
2.597197
2.595679
2.594162
2.592643
2.591125
2.589606
2.588087
2.586568
2.585048
2.583528
2.582007
2.580487
2.578966
2.577444
2.575923
2.574401
2.572879
2.571356
2.569833
2.568310
2.566787
2.565263
2.563739
2.562215
2.560691
2.559166
2.557641
2.556116
2.554590
2.553065
2.551539
2.550013
2.548486
2.546960
2.545433
2.543906
2.542378
2.540851
2.539323
2.537795
2.536267
2.534739
2.533210
2.531681
2.530152
2.528623
2.527094
2.525564
2.524035
2.522505
2.520975
2.519445
2.517914
2.516384
2.514853
2.513322
2.511791
2.510260
2.508729
2.507198
2.505666
2.504134
2.502603
2.501071
2.499539
2.498006
2.496474
2.494942
2.493409
2.491877
2.490344
2.488811
2.487278
2.485745
2.484212
2.482679
2.481146
2.479613
2.478080
2.476546
2.475013
2.473479
2.471946
2.470412
2.468878
2.467344
2.465811
2.464277
2.462743
2.461209
2.459675
2.458141
2.456607
2.455073
2.453539
2.452005
2.450471
2.448937
2.447403
2.445869
2.444336
2.442802
2.441268
2.439734
2.438200
2.436666
2.435132
2.433599
2.432065
2.430531
2.428997
2.427464
2.425930
2.424397
2.422863
2.421330
2.419796
2.418263
2.416730
2.415197
2.413664
2.412131
2.410598
2.409065
2.407533
2.406000
2.404468
2.402936
2.401403
2.399871
2.398339
2.396807
2.395276
2.393744
2.392212
2.390681
2.389150
2.387619
2.386088
2.384557
2.383027
2.381496
2.379966
2.378436
2.376906
2.375376
2.373846
2.372317
2.370788
2.369258
2.367730
2.366201
2.364672
2.363144
2.361616
2.360088
2.358561
2.357033
2.355506
2.353979
2.352452
2.350925
2.349399
2.347873
2.346347
2.344822
2.343296
2.341771
2.340246
2.338722
2.337198
2.335674
2.334150
2.332626
2.331103
2.329580
2.328057
2.326535
2.325013
2.323491
2.321970
2.320448
2.318927
2.317407
2.315886
2.314367
2.312847
2.311327
2.309808
2.308290
2.306772
2.305254
2.303736
2.302219
2.300702
2.299185
2.297669
2.296153
2.294637
2.293122
2.291607
2.290093
2.288579
2.287065
2.285552
2.284039
2.282526
2.281014
2.279503
2.277991
2.276480
2.274970
2.273460
2.271950
2.270441
2.268932
2.267424
2.265916
2.264408
2.262901
2.261394
2.259888
2.258382
2.256877
2.255372
2.253868
2.252364
2.250860
2.249357
2.247855
2.246353
2.244851
2.243350
2.241849
2.240349
2.238849
2.237350
2.235852
2.234354
2.232856
2.231359
2.229862
2.228366
2.226871
2.225375
2.223881
2.222387
2.220894
2.219401
2.217908
2.216416
2.214925
2.213434
2.211944
2.210455
2.208966
2.207477
2.205989
2.204502
2.203015
2.201529
2.200043
2.198559
2.197074
2.195590
2.194107
2.192625
2.191143
2.189661
2.188180
2.186700
2.185220
2.183742
2.182263
2.180786
2.179309
2.177832
2.176357
2.174881
2.173407
2.171933
2.170460
2.168988
2.167516
2.166044
2.164574
2.163104
2.161635
2.160167
2.158699
2.157232
2.155765
2.154299
2.152834
2.151370
2.149906
2.148443
2.146981
2.145520
2.144059
2.142599
2.141140
2.139681
2.138223
2.136766
2.135309
2.133854
2.132399
2.130945
2.129491
2.128039
2.126587
2.125136
2.123685
2.122236
2.120787
2.119339
2.117891
2.116445
2.114999
2.113554
2.112110
2.110667
2.109224
2.107782
2.106341
2.104901
2.103462
2.102023
2.100586
2.099149
2.097713
2.096277
2.094843
2.093410
2.091977
2.090545
2.089114
2.087684
2.086254
2.084826
2.083398
2.081971
2.080546
2.079121
2.077697
2.076273
2.074851
2.073429
2.072009
2.070589
2.069170
2.067752
2.066335
2.064919
2.063504
2.062089
2.060676
2.059263
2.057852
2.056441
2.055032
2.053623
2.052215
2.050808
2.049402
2.047997
2.046593
2.045190
2.043787
2.042386
2.040986
2.039587
2.038188
2.036791
2.035395
2.033999
2.032605
2.031211
2.029819
2.028427
2.027037
2.025647
2.024259
2.022871
2.021485
2.020099
2.018715
2.017331
2.015949
2.014567
2.013187
2.011807
2.010429
2.009052
2.007676
2.006300
2.004926
2.003553
2.002181
2.000810
1.999440
1.998071
1.996703
1.995336
1.993971
1.992606
1.991242
1.989880
1.988518
1.987158
1.985799
1.984441
1.983084
1.981728
1.980373
1.979019
1.977666
1.976315
1.974964
1.973615
1.972267
1.970920
1.969574
1.968229
1.966886
1.965543
1.964202
1.962862
1.961522
1.960184
1.958848
1.957512
1.956178
1.954844
1.953512
1.952181
1.950851
1.949523
1.948195
1.946869
1.945544
1.944220
1.942897
1.941576
1.940256
1.938936
1.937618
1.936302
1.934986
1.933672
1.932359
1.931047
1.929736
1.928427
1.927119
1.925812
1.924506
1.923202
1.921898
1.920596
1.919296
1.917996
1.916698
1.915401
1.914105
1.912811
1.911517
1.910225
1.908935
1.907645
1.906357
1.905070
1.903785
1.902500
1.901217
1.899936
1.898655
1.897376
1.896098
1.894822
1.893547
1.892273
1.891000
1.889729
1.888459
1.887190
1.885923
1.884657
1.883392
1.882129
1.880867
1.879606
1.878347
1.877089
1.875833
1.874577
1.873323
1.872071
1.870820
1.869570
1.868321
1.867074
1.865829
1.864584
1.863341
1.862100
1.860860
1.859621
1.858383
1.857147
1.855913
1.854679
1.853448
1.852217
1.850988
1.849761
1.848534
1.847310
1.846086
1.844864
1.843644
1.842425
1.841207
1.839991
1.838776
1.837563
1.836351
1.835140
1.833931
1.832724
1.831517
1.830313
1.829110
1.827908
1.826707
1.825509
1.824311
1.823115
1.821921
1.820728
1.819537
1.818347
1.817158
1.815971
1.814786
1.813602
1.812419
1.811238
1.810059
1.808881
1.807704
1.806529
1.805356
1.804184
1.803013
1.801845
1.800677
1.799511
1.798347
1.797184
1.796023
1.794863
1.793705
1.792549
1.791393
1.790240
1.789088
1.787938
1.786789
1.785641
1.784496
1.783351
1.782209
1.781068
1.779928
1.778790
1.777654
1.776519
1.775386
1.774255
1.773125
1.771996
1.770870
1.769745
1.768621
1.767499
1.766379
1.765260
1.764143
1.763027
1.761913
1.760801
1.759690
1.758581
1.757474
1.756368
1.755264
1.754161
1.753061
1.751961
1.750864
1.749768
1.748673
1.747581
1.746490
1.745400
1.744313
1.743227
1.742142
1.741060
1.739979
1.738899
1.737822
1.736745
1.735671
1.734599
1.733528
1.732458
1.731391
1.730325
1.729261
1.728198
1.727137
1.726078
1.725021
1.723965
1.722911
1.721859
1.720808
1.719759
1.718712
1.717667
1.716623
1.715581
1.714541
1.713502
1.712466
1.711430
1.710397
1.709366
1.708336
1.707308
1.706281
1.705257
1.704234
1.703213
1.702194
1.701176
1.700160
1.699146
1.698134
1.697123
1.696115
1.695108
1.694103
1.693099
1.692098
1.691098
1.690100
1.689103
1.688109
1.687116
1.686125
1.685136
1.684149
1.683164
1.682180
1.681198
1.680218
1.679240
1.678263
1.677289
1.676316
1.675345
1.674376
1.673409
1.672443
1.671479
1.670517
1.669557
1.668599
1.667643
1.666688
1.665736
1.664785
1.663836
1.662889
1.661944
1.661000
1.660059
1.659119
1.658181
1.657245
1.656311
1.655379
1.654449
1.653520
1.652594
1.651669
1.650746
1.649825
1.648906
1.647989
1.647073
1.646160
1.645248
1.644339
1.643431
1.642525
1.641621
1.640719
1.639819
1.638921
1.638025
1.637130
1.636238
1.635347
1.634458
1.633572
1.632687
1.631804
1.630923
1.630044
1.629167
1.628291
1.627418
1.626547
1.625677
1.624810
1.623945
1.623081
1.622219
1.621360
1.620502
1.619646
1.618792
1.617941
1.617091
1.616243
1.615397
1.614553
1.613711
1.612871
1.612033
1.611196
1.610362
1.609530
1.608700
1.607872
1.607045
1.606221
1.605399
1.604578
1.603760
1.602944
1.602130
1.601317
1.600507
1.599699
1.598892
1.598088
1.597286
1.596485
1.595687
1.594891
1.594096
1.593304
1.592514
1.591726
1.590939
1.590155
1.589373
1.588593
1.587815
1.587039
1.586265
1.585493
1.584723
1.583955
1.583189
1.582425
1.581663
1.580903
1.580145
1.579390
1.578636
1.577885
1.577135
1.576388
1.575642
1.574899
1.574157
1.573418
1.572681
1.571946
1.571213
1.570482
1.569753
1.569026
1.568301
1.567578
1.566858
1.566139
1.565423
1.564708
1.563996
1.563286
1.562578
1.561872
1.561168
1.560466
1.559766
1.559068
1.558373
1.557679
1.556988
1.556298
1.555611
1.554926
1.554243
1.553562
1.552884
1.552207
1.551532
1.550860
1.550190
1.549522
1.548855
1.548192
1.547530
1.546870
1.546212
1.545557
1.544904
1.544252
1.543603
1.542956
1.542312
1.541669
1.541028
1.540390
1.539754
1.539120
1.538488
1.537858
1.537230
1.536605
1.535981
1.535360
1.534741
1.534124
1.533509
1.532897
1.532286
1.531678
1.531072
1.530468
1.529866
1.529267
1.528669
1.528074
1.527481
1.526890
1.526301
1.525714
1.525130
1.524548
1.523968
1.523390
1.522814
1.522240
1.521669
1.521100
1.520533
1.519968
1.519405
1.518845
1.518287
1.517731
1.517177
1.516625
1.516076
1.515529
1.514984
1.514441
1.513900
1.513362
1.512825
1.512291
1.511760
1.511230
1.510702
1.510177
1.509654
1.509133
1.508615
1.508098
1.507584
1.507072
1.506563
1.506055
1.505550
1.505047
1.504546
1.504048
1.503551
1.503057
1.502565
1.502075
1.501588
1.501103
1.500620
1.500139
1.499661
1.499184
1.498710
1.498238
1.497769
1.497302
1.496836
1.496374
1.495913
1.495455
1.494999
1.494545
1.494093
1.493644
1.493197
1.492752
1.492309
1.491869
1.491431
1.490995
1.490561
1.490130
1.489701
1.489274
1.488850
1.488427
1.488007
1.487589
1.487174
1.486761
1.486350
1.485941
1.485535
1.485131
1.484729
1.484329
1.483932
1.483537
1.483144
1.482753
1.482365
1.481979
1.481595
1.481214
1.480835
1.480458
1.480083
1.479711
1.479341
1.478973
1.478608
1.478245
1.477884
1.477525
1.477169
1.476815
1.476463
1.476114
1.475767
1.475422
1.475079
1.474739
1.474401
1.474066
1.473732
1.473401
1.473072
1.472746
1.472422
1.472100
1.471780
1.471463
1.471148
1.470836
1.470525
1.470217
1.469911
1.469608
1.469307
1.469008
1.468711
1.468417
1.468125
1.467836
1.467548
1.467264
1.466981
1.466701
1.466423
1.466147
1.465873
1.465602
1.465334
1.465067
1.464803
1.464541
1.464282
1.464025
1.463770
1.463517
1.463267
1.463019
1.462774
1.462530
1.462289
1.462051
1.461815
1.461581
1.461349
1.461120
1.460893
1.460668
1.460446
1.460226
1.460008
1.459793
1.459580
1.459369
1.459161
1.458955
1.458751
1.458550
1.458351
1.458154
1.457960
1.457768
1.457578
1.457391
1.457206
1.457023
1.456843
1.456665
1.456489
1.456316
1.456145
1.455976
1.455810
1.455646
1.455485
1.455325
1.455168
1.455014
1.454862
1.454712
1.454564
1.454419
1.454276
1.454136
1.453997
1.453861
1.453728
1.453597
1.453468
1.453341
1.453217
1.453096
1.452976
1.452859
1.452744
1.452632
1.452522
1.452414
1.452309
1.452206
1.452105
1.452007
1.451911
1.451817
1.451726
1.451637
1.451551
1.451466
1.451384
1.451305
1.451228
1.451153
1.451081
1.451010
1.450943
1.450877
1.450814
1.450753
1.450695
1.450639
1.450585
1.450534
1.450485
1.450438
1.450394
1.450352
1.450313
1.450276
1.450241
1.450208
1.450178
1.450150
1.450125
1.450102
1.450081
1.450063
1.450047
1.450033
1.450022
1.450013
1.450006
1.450002
1.450000
1.450001
1.450003
1.450009
1.450016
1.450026
1.450038
1.450053
1.450070
1.450089
1.450111
1.450135
1.450161
1.450190
1.450221
1.450254
1.450290
1.450328
1.450368
1.450411
1.450456
1.450504
1.450554
1.450606
1.450660
1.450717
1.450777
1.450838
1.450902
1.450969
1.451037
1.451108
1.451182
1.451257
1.451335
1.451416
1.451499
1.451584
1.451671
1.451761
1.451853
1.451948
1.452044
1.452144
1.452245
1.452349
1.452455
1.452564
1.452675
1.452788
1.452904
1.453022
1.453142
1.453265
1.453390
1.453517
1.453647
1.453779
1.453914
1.454050
1.454189
1.454331
1.454475
1.454621
1.454769
1.454920
1.455073
1.455229
1.455386
1.455547
1.455709
1.455874
1.456041
1.456211
1.456383
1.456557
1.456733
1.456912
1.457093
1.457277
1.457463
1.457651
1.457842
1.458035
1.458230
1.458427
1.458627
1.458829
1.459034
1.459241
1.459450
1.459662
1.459876
1.460092
1.460310
1.460531
1.460754
1.460980
1.461208
1.461438
1.461671
1.461905
1.462142
1.462382
1.462624
1.462868
1.463114
1.463363
1.463614
1.463868
1.464123
1.464381
1.464642
1.464905
1.465170
1.465437
1.465707
1.465979
1.466253
1.466529
1.466808
1.467090
1.467373
1.467659
1.467947
1.468238
1.468530
1.468825
1.469123
1.469423
1.469725
1.470029
1.470335
1.470644
1.470956
1.471269
1.471585
1.471903
1.472224
1.472546
1.472872
1.473199
1.473529
1.473860
1.474195
1.474531
1.474870
1.475211
1.475555
1.475900
1.476248
1.476599
1.476951
1.477306
1.477663
1.478023
1.478384
1.478748
1.479115
1.479483
1.479854
1.480227
1.480603
1.480981
1.481361
1.481743
1.482128
1.482514
1.482903
1.483295
1.483689
1.484084
1.484483
1.484883
1.485286
1.485691
1.486098
1.486508
1.486920
1.487334
1.487750
1.488169
1.488590
1.489013
1.489438
1.489866
1.490296
1.490728
1.491163
1.491599
1.492038
1.492479
1.492923
1.493369
1.493817
1.494267
1.494719
1.495174
1.495631
1.496090
1.496552
1.497015
1.497481
1.497949
1.498420
1.498893
1.499367
1.499845
1.500324
1.500806
1.501289
1.501776
1.502264
1.502754
1.503247
1.503742
1.504239
1.504739
1.505241
1.505744
1.506251
1.506759
1.507269
1.507782
1.508297
1.508814
1.509334
1.509856
1.510379
1.510905
1.511434
1.511964
1.512497
1.513032
1.513569
1.514108
1.514650
1.515193
1.515739
1.516287
1.516838
1.517390
1.517945
1.518502
1.519061
1.519622
1.520185
1.520751
1.521319
1.521889
1.522461
1.523036
1.523612
1.524191
1.524772
1.525355
1.525940
1.526528
1.527117
1.527709
1.528303
1.528899
1.529497
1.530098
1.530700
1.531305
1.531912
1.532521
1.533133
1.533746
1.534362
1.534979
1.535599
1.536221
1.536846
1.537472
1.538100
1.538731
1.539364
1.539999
1.540636
1.541275
1.541916
1.542560
1.543205
1.543853
1.544503
1.545155
1.545809
1.546466
1.547124
1.547784
1.548447
1.549112
1.549779
1.550448
1.551119
1.551792
1.552467
1.553145
1.553824
1.554506
1.555190
1.555876
1.556564
1.557254
1.557946
1.558640
1.559337
1.560035
1.560736
1.561439
1.562143
1.562850
1.563559
1.564270
1.564983
1.565699
1.566416
1.567135
1.567857
1.568580
1.569306
1.570033
1.570763
1.571495
1.572229
1.572965
1.573703
1.574443
1.575185
1.575929
1.576675
1.577424
1.578174
1.578926
1.579681
1.580437
1.581196
1.581956
1.582719
1.583484
1.584250
1.585019
1.585790
1.586563
1.587337
1.588114
1.588893
1.589674
1.590457
1.591242
1.592029
1.592818
1.593609
1.594402
1.595197
1.595994
1.596793
1.597594
1.598398
1.599203
1.600010
1.600819
1.601630
1.602443
1.603258
1.604075
1.604894
1.605715
1.606538
1.607363
1.608190
1.609019
1.609850
1.610683
1.611518
1.612355
1.613194
1.614035
1.614878
1.615722
1.616569
1.617418
1.618268
1.619121
1.619976
1.620832
1.621691
1.622551
1.623413
1.624278
1.625144
1.626012
1.626882
1.627754
1.628628
1.629504
1.630382
1.631262
1.632144
1.633027
1.633913
1.634801
1.635690
1.636581
1.637475
1.638370
1.639267
1.640166
1.641067
1.641969
1.642874
1.643781
1.644689
1.645599
1.646512
1.647426
1.648342
1.649260
1.650180
1.651101
1.652025
1.652950
1.653878
1.654807
1.655738
1.656671
1.657606
1.658542
1.659481
1.660421
1.661364
1.662308
1.663254
1.664201
1.665151
1.666103
1.667056
1.668011
1.668968
1.669927
1.670888
1.671850
1.672815
1.673781
1.674749
1.675719
1.676691
1.677664
1.678639
1.679616
1.680595
1.681576
1.682559
1.683543
1.684529
1.685517
1.686507
1.687499
1.688492
1.689487
1.690484
1.691483
1.692483
1.693486
1.694490
1.695495
1.696503
1.697513
1.698524
1.699537
1.700551
1.701568
1.702586
1.703606
1.704628
1.705651
1.706677
1.707704
1.708732
1.709763
1.710795
1.711829
1.712865
1.713902
1.714941
1.715982
1.717025
1.718069
1.719115
1.720163
1.721213
1.722264
1.723317
1.724372
1.725428
1.726486
1.727546
1.728607
1.729670
1.730735
1.731802
1.732870
1.733940
1.735012
1.736085
1.737160
1.738237
1.739315
1.740395
1.741477
1.742560
1.743645
1.744732
1.745820
1.746910
1.748002
1.749095
1.750190
1.751286
1.752385
1.753484
1.754586
1.755689
1.756794
1.757900
1.759008
1.760118
1.761229
1.762342
1.763457
1.764573
1.765691
1.766810
1.767931
1.769054
1.770178
1.771304
1.772431
1.773560
1.774691
1.775823
1.776956
1.778092
1.779229
1.780367
1.781507
1.782649
1.783792
1.784937
1.786083
1.787231
1.788381
1.789532
1.790684
1.791838
1.792994
1.794151
1.795310
1.796470
1.797632
1.798795
1.799960
1.801127
1.802295
1.803464
1.804635
1.805808
1.806982
1.808157
1.809334
1.810513
1.811693
1.812875
1.814058
1.815242
1.816428
1.817616
1.818805
1.819996
1.821188
1.822381
1.823576
1.824772
1.825970
1.827170
1.828371
1.829573
1.830777
1.831982
1.833189
1.834397
1.835606
1.836817
1.838030
1.839244
1.840459
1.841676
1.842894
1.844114
1.845335
1.846557
1.847781
1.849007
1.850233
1.851462
1.852691
1.853922
1.855154
1.856388
1.857623
1.858860
1.860098
1.861337
1.862578
1.863820
1.865064
1.866308
1.867555
1.868802
1.870051
1.871302
1.872553
1.873806
1.875061
1.876317
1.877574
1.878832
1.880092
1.881353
1.882616
1.883879
1.885145
1.886411
1.887679
1.888948
1.890218
1.891490
1.892763
1.894038
1.895314
1.896590
1.897869
1.899148
1.900429
1.901712
1.902995
1.904280
1.905566
1.906853
1.908142
1.909432
1.910723
1.912015
1.913309
1.914604
1.915900
1.917198
1.918497
1.919797
1.921098
1.922400
1.923704
1.925009
1.926315
1.927623
1.928931
1.930241
1.931552
1.932865
1.934178
1.935493
1.936809
1.938126
1.939444
1.940764
1.942085
1.943407
1.944730
1.946054
1.947380
1.948707
1.950034
1.951364
1.952694
1.954025
1.955358
1.956692
1.958027
1.959363
1.960700
1.962038
1.963378
1.964718
1.966060
1.967403
1.968747
1.970093
1.971439
1.972786
1.974135
1.975485
1.976836
1.978188
1.979541
1.980895
1.982250
1.983606
1.984964
1.986322
1.987682
1.989043
1.990405
1.991768
1.993132
1.994497
1.995863
1.997230
1.998598
1.999968
2.001338
2.002709
2.004082
2.005455
2.006830
2.008206
2.009582
2.010960
2.012339
2.013719
2.015100
2.016481
2.017864
2.019248
2.020633
2.022019
2.023406
2.024794
2.026182
2.027572
2.028963
2.030355
2.031748
2.033142
2.034537
2.035933
2.037329
2.038727
2.040126
2.041525
2.042926
2.044328
2.045730
2.047134
2.048538
2.049944
2.051350
2.052757
2.054166
2.055575
2.056985
2.058396
2.059808
2.061220
2.062634
2.064049
2.065464
2.066881
2.068298
2.069717
2.071136
2.072556
2.073977
2.075399
2.076822
2.078245
2.079669
2.081095
2.082521
2.083948
2.085376
2.086805
2.088235
2.089665
2.091096
2.092529
2.093962
2.095396
2.096830
2.098266
2.099702
2.101139
2.102577
2.104016
2.105456
2.106896
2.108338
2.109780
2.111223
2.112666
2.114111
2.115556
2.117002
2.118449
2.119896
2.121345
2.122794
2.124244
2.125695
2.127146
2.128598
2.130051
2.131505
2.132959
2.134415
2.135871
2.137327
2.138785
2.140243
2.141702
2.143162
2.144622
2.146083
2.147545
2.149007
2.150470
2.151934
2.153399
2.154864
2.156330
2.157797
2.159264
2.160732
2.162201
2.163670
2.165140
2.166611
2.168083
2.169555
2.171027
2.172501
2.173975
2.175450
2.176925
2.178401
2.179878
2.181355
2.182833
2.184311
2.185791
2.187270
2.188751
2.190232
2.191713
2.193196
2.194679
2.196162
2.197646
2.199131
2.200616
2.202101
2.203588
2.205075
2.206563
2.208051
2.209539
2.211029
2.212518
2.214009
2.215500
2.216991
2.218483
2.219976
2.221469
2.222963
2.224457
2.225951
2.227447
2.228942
2.230439
2.231936
2.233433
2.234931
2.236429
2.237928
2.239427
2.240927
2.242427
2.243928
2.245430
2.246931
2.248434
2.249936
2.251440
2.252943
2.254447
2.255952
2.257457
2.258962
2.260468
2.261975
2.263482
2.264989
2.266497
2.268005
2.269513
2.271022
2.272532
2.274042
2.275552
2.277062
2.278574
2.280085
2.281597
2.283109
2.284622
2.286135
2.287648
2.289162
2.290676
2.292191
2.293706
2.295221
2.296737
2.298253
2.299769
2.301286
2.302803
2.304321
2.305838
2.307357
2.308875
2.310394
2.311913
2.313432
2.314952
2.316472
2.317993
2.319513
2.321034
2.322556
2.324077
2.325599
2.327121
2.328644
2.330167
2.331690
2.333213
2.334737
2.336261
2.337785
2.339309
2.340834
2.342359
2.343884
2.345409
2.346935
2.348461
2.349987
2.351514
2.353040
2.354567
2.356094
2.357622
2.359149
2.360677
2.362205
2.363733
2.365261
2.366790
2.368319
2.369848
2.371377
2.372906
2.374436
2.375965
2.377495
2.379025
2.380555
2.382086
2.383616
2.385147
2.386678
2.388209
2.389740
2.391271
2.392802
2.394334
2.395866
2.397398
2.398929
2.400461
2.401994
2.403526
2.405058
2.406591
2.408123
2.409656
2.411189
2.412722
2.414255
2.415788
2.417321
2.418854
2.420387
2.421921
2.423454
2.424987
2.426521
2.428055
2.429588
2.431122
2.432656
2.434189
2.435723
2.437257
2.438791
2.440325
2.441859
2.443393
2.444927
2.446460
2.447994
2.449528
2.451062
2.452596
2.454130
2.455664
2.457198
2.458732
2.460266
2.461800
2.463334
2.464868
2.466402
2.467935
2.469469
2.471003
2.472536
2.474070
2.475603
2.477137
2.478670
2.480204
2.481737
2.483270
2.484803
2.486336
2.487869
2.489402
2.490935
2.492467
2.494000
2.495532
2.497065
2.498597
2.500129
2.501661
2.503193
2.504725
2.506256
2.507787
2.509319
2.510850
2.512381
2.513912
2.515443
2.516973
2.518504
2.520034
2.521564
2.523094
2.524624
2.526154
2.527683
2.529212
2.530741
2.532270
2.533799
2.535328
2.536856
2.538384
2.539912
2.541440
2.542967
2.544494
2.546021
2.547548
2.549074
2.550601
2.552127
2.553653
2.555178
2.556704
2.558229
2.559754
2.561278
2.562803
2.564327
2.565850
2.567374
2.568897
2.570420
2.571943
2.573465
