2.967063
2.970102
2.973138
2.976170
2.979199
2.982223
2.985244
2.988261
2.991274
2.994283
2.997288
3.000289
3.003286
3.006279
3.009268
3.012253
3.015233
3.018210
3.021182
3.024150
3.027113
3.030072
3.033027
3.035978
3.038924
3.041866
3.044802
3.047735
3.050663
3.053586
3.056505
3.059419
3.062328
3.065233
3.068133
3.071028
3.073918
3.076803
3.079684
3.082559
3.085430
3.088295
3.091156
3.094011
3.096862
3.099707
3.102547
3.105382
3.108211
3.111036
3.113855
3.116668
3.119477
3.122280
3.125077
3.127869
3.130656
3.133437
3.136213
3.138983
3.141747
3.144506
3.147259
3.150006
3.152748
3.155483
3.158213
3.160937
3.163656
3.166368
3.169075
3.171775
3.174469
3.177158
3.179840
3.182516
3.185186
3.187850
3.190508
3.193160
3.195805
3.198444
3.201077
3.203703
3.206323
3.208937
3.211544
3.214145
3.216739
3.219326
3.221908
3.224482
3.227050
3.229611
3.232166
3.234714
3.237255
3.239789
3.242317
3.244837
3.247351
3.249858
3.252358
3.254851
3.257337
3.259816
3.262288
3.264753
3.267211
3.269661
3.272105
3.274541
3.276970
3.279392
3.281807
3.284214
3.286614
3.289006
3.291391
3.293769
3.296139
3.298502
3.300857
3.303205
3.305545
3.307878
3.310203
3.312520
3.314829
3.317131
3.319425
3.321711
3.323990
3.326261
3.328523
3.330778
3.333025
3.335264
3.337495
3.339718
3.341933
3.344140
3.346339
3.348530
3.350713
3.352887
3.355053
3.357211
3.359361
3.361503
3.363636
3.365761
3.367877
3.369986
3.372085
3.374177
3.376260
3.378334
3.380400
3.382457
3.384506
3.386546
3.388577
3.390600
3.392614
3.394620
3.396617
3.398605
3.400584
3.402554
3.404516
3.406469
3.408412
3.410347
3.412273
3.414191
3.416099
3.417998
3.419888
3.421769
3.423640
3.425503
3.427357
3.429201
3.431037
3.432863
3.434680
3.436487
3.438286
3.440075
3.441854
3.443625
3.445386
3.447137
3.448879
3.450612
3.452335
3.454049
3.455753
3.457448
3.459133
3.460809
3.462474
3.464131
3.465777
3.467414
3.469041
3.470659
3.472267
3.473865
3.475453
3.477031
3.478600
3.480159
3.481707
3.483246
3.484775
3.486294
3.487803
3.489302
3.490791
3.492270
3.493739
3.495198
3.496647
3.498085
3.499514
3.500932
3.502341
3.503739
3.505126
3.506504
3.507871
3.509228
3.510575
3.511911
3.513237
3.514553
3.515858
3.517153
3.518437
3.519711
3.520974
3.522228
3.523470
3.524702
3.525923
3.527134
3.528334
3.529524
3.530703
3.531872
3.533029
3.534177
3.535313
3.536439
3.537554
3.538658
3.539751
3.540834
3.541906
3.542967
3.544017
3.545057
3.546085
3.547103
3.548109
3.549105
3.550090
3.551064
3.552027
3.552979
3.553920
3.554849
3.555768
3.556676
3.557573
3.558458
3.559333
3.560196
3.561049
3.561890
3.562720
3.563538
3.564346
3.565142
3.565928
3.566701
3.567464
3.568215
3.568955
3.569684
3.570401
3.571108
3.571802
3.572486
3.573158
3.573818
3.574468
3.575105
3.575732
3.576347
3.576950
3.577542
3.578123
3.578692
3.579249
3.579795
3.580330
3.580853
3.581364
3.581863
3.582352
3.582828
3.583293
3.583746
3.584188
3.584618
3.585037
3.585443
3.585838
3.586221
3.586593
3.586953
3.587301
3.587637
3.587962
3.588275
3.588576
3.588866
3.589143
3.589409
3.589663
3.589905
3.590135
3.590353
3.590560
3.590755
3.590937
3.591108
3.591267
3.591414
3.591550
3.591673
3.591784
3.591884
3.591971
3.592047
3.592110
3.592162
3.592201
3.592229
3.592245
3.592248
3.592240
3.592219
3.592187
3.592142
3.592086
3.592017
3.591937
3.591844
3.591739
3.591622
3.591493
3.591352
3.591199
3.591033
3.590856
3.590667
3.590465
3.590251
3.590025
3.589787
3.589537
3.589274
3.589000
3.588713
3.588414
3.588103
3.587780
3.587445
3.587097
3.586737
3.586365
3.585981
3.585585
3.585176
3.584755
3.584322
3.583877
3.583419
3.582950
3.582468
3.581973
3.581467
3.580948
3.580417
3.579874
3.579319
3.578751
3.578171
3.577579
3.576974
3.576358
3.575729
3.575087
3.574434
3.573768
3.573090
3.572399
3.571697
3.570982
3.570255
3.569515
3.568763
3.567999
3.567223
3.566434
3.565634
3.564820
3.563995
3.563157
3.562307
3.561445
3.560570
3.559683
3.558784
3.557873
3.556949
3.556013
3.555065
3.554104
3.553131
3.552146
3.551149
3.550139
3.549117
3.548083
3.547037
3.545978
3.544907
3.543823
3.542728
3.541620
3.540500
3.539368
3.538224
3.537067
3.535898
3.534716
3.533523
3.532317
3.531099
3.529869
3.528627
3.527372
3.526105
3.524826
3.523535
3.522232
3.520916
3.519588
3.518248
3.516896
3.515532
3.514155
3.512766
3.511366
3.509953
3.508528
3.507090
3.505641
3.504179
3.502705
3.501220
3.499722
3.498212
3.496690
3.495155
3.493609
3.492050
3.490480
3.488898
3.487303
3.485696
3.484077
3.482447
3.480804
3.479149
3.477482
3.475803
3.474113
3.472410
3.470695
3.468968
3.467230
3.465479
3.463716
3.461941
3.460155
3.458357
3.456546
3.454724
3.452890
3.451044
3.449186
3.447316
3.445435
3.443541
3.441636
3.439719
3.437790
3.435849
3.433897
3.431932
3.429956
3.427968
3.425969
3.423957
3.421934
3.419899
3.417853
3.415795
3.413725
3.411644
3.409550
3.407445
3.405329
3.403201
3.401061
3.398910
3.396747
3.394573
3.392387
3.390189
3.387980
3.385760
3.383528
3.381284
3.379029
3.376762
3.374484
3.372195
3.369894
3.367582
3.365258
3.362923
3.360577
3.358219
3.355850
3.353470
3.351078
3.348675
3.346261
3.343835
3.341398
3.338951
3.336491
3.334021
3.331539
3.329046
3.326543
3.324028
3.321501
3.318964
3.316416
3.313856
3.311286
3.308704
3.306112
3.303508
3.300894
3.298268
3.295632
3.292984
3.290326
3.287657
3.284976
3.282285
3.279584
3.276871
3.274148
3.271413
3.268668
3.265913
3.263146
3.260369
3.257581
3.254782
3.251973
3.249153
3.246322
3.243481
3.240629
3.237767
3.234894
3.232011
3.229117
3.226212
3.223297
3.220372
3.217436
3.214490
3.211533
3.208566
3.205589
3.202601
3.199604
3.196595
3.193577
3.190548
3.187509
3.184460
3.181401
3.178331
3.175252
3.172162
3.169062
3.165952
3.162832
3.159702
3.156562
3.153412
3.150252
3.147082
3.143903
3.140713
3.137513
3.134304
3.131085
3.127856
3.124617
3.121368
3.118110
3.114842
3.111564
3.108277
3.104980
3.101673
3.098357
3.095031
3.091696
3.088351
3.084996
3.081633
3.078259
3.074877
3.071485
3.068083
3.064672
3.061252
3.057822
3.054384
3.050936
3.047478
3.044012
3.040537
3.037052
3.033558
3.030055
3.026543
3.023022
3.019492
3.015953
3.012405
3.008847
3.005282
3.001707
2.998123
2.994531
2.990929
2.987319
2.983700
2.980073
2.976436
2.972791
2.969138
2.965476
2.961805
2.958125
2.954437
2.950741
2.947036
2.943323
2.939601
2.935870
2.932132
2.928385
2.924630
2.920866
2.917094
2.913314
2.909526
2.905730
2.901925
2.898112
2.894291
2.890463
2.886626
2.882781
2.878928
2.875067
2.871198
2.867322
2.863437
2.859545
2.855645
2.851737
2.847821
2.843898
2.839967
2.836029
2.832082
2.828128
2.824167
2.820198
2.816221
2.812238
2.808246
2.804247
2.800241
2.796228
2.792207
2.788179
2.784144
2.780101
2.776051
2.771994
2.767930
2.763859
2.759781
2.755696
2.751603
2.747504
2.743398
2.739285
2.735165
2.731038
2.726904
2.722764
2.718617
2.714463
2.710302
2.706135
2.701961
2.697781
2.693594
2.689400
2.685200
2.680994
2.676780
2.672561
2.668335
2.664104
2.659865
2.655621
2.651370
2.647113
2.642849
2.638580
2.634305
2.630023
2.625736
2.621442
2.617143
2.612837
2.608526
2.604209
2.599886
2.595557
2.591222
2.586882
2.582536
2.578184
2.573827
2.569464
2.565095
2.560721
2.556342
2.551957
2.547566
2.543171
2.538769
2.534363
2.529951
2.525534
2.521112
2.516685
2.512252
2.507814
2.503371
2.498924
2.494471
2.490013
2.485550
2.481083
2.476610
2.472133
2.467651
2.463164
2.458672
2.454176
2.449675
2.445169
2.440659
2.436144
2.431625
2.427101
2.422573
2.418041
2.413504
2.408962
2.404417
2.399867
2.395313
2.390754
2.386192
2.381625
2.377055
2.372480
2.367901
2.363318
2.358732
2.354141
2.349547
2.344949
2.340347
2.335741
2.331131
2.326518
2.321901
2.317281
2.312656
2.308029
2.303398
2.298763
2.294125
2.289484
2.284839
2.280191
2.275539
2.270885
2.266227
2.261566
2.256902
2.252235
2.247564
2.242891
2.238215
2.233536
2.228853
2.224168
2.219481
2.214790
2.210096
2.205400
2.200701
2.196000
2.191296
2.186589
2.181880
2.177168
2.172454
2.167737
2.163018
2.158297
2.153573
2.148847
2.144119
2.139388
2.134655
2.129921
2.125184
2.120445
2.115704
2.110961
2.106217
2.101470
2.096721
2.091971
2.087219
2.082465
2.077709
2.072952
2.068193
2.063433
2.058671
2.053907
2.049142
2.044375
2.039607
2.034838
2.030067
2.025295
2.020522
2.015748
2.010972
2.006195
2.001418
1.996639
1.991859
1.987078
1.982296
1.977513
1.972729
1.967945
1.963160
1.958374
1.953587
1.948799
1.944011
1.939223
1.934433
1.929643
1.924853
1.920062
1.915271
1.910480
1.905688
1.900896
1.896103
1.891310
1.886518
1.881724
1.876931
1.872138
1.867345
1.862552
1.857759
1.852965
1.848172
1.843380
1.838587
1.833794
1.829002
1.824211
1.819419
1.814628
1.809837
1.805047
1.800257
1.795468
1.790680
1.785892
1.781104
1.776318
1.771532
1.766747
1.761963
1.757179
1.752396
1.747615
1.742834
1.738054
1.733276
1.728498
1.723722
1.718946
1.714172
1.709399
1.704628
1.699857
1.695088
1.690321
1.685554
1.680790
1.676026
1.671265
1.666505
1.661746
1.656989
1.652234
1.647480
1.642728
1.637978
1.633230
1.628484
1.623740
1.618997
1.614257
1.609518
1.604782
1.600048
1.595316
1.590586
1.585858
1.581133
1.576409
1.571688
1.566970
1.562254
1.557540
1.552829
1.548120
1.543414
1.538710
1.534009
1.529311
1.524616
1.519923
1.515233
1.510545
1.505861
1.501179
1.496501
1.491825
1.487152
1.482483
1.477816
1.473153
1.468492
1.463835
1.459181
1.454530
1.449883
1.445239
1.440598
1.435961
1.431327
1.426697
1.422070
1.417446
1.412826
1.408210
1.403598
1.398989
1.394384
1.389783
1.385185
1.380591
1.376001
1.371416
1.366834
1.362256
1.357682
1.353112
1.348546
1.343984
1.339427
1.334873
1.330324
1.325779
1.321239
1.316703
1.312171
1.307644
1.303120
1.298602
1.294088
1.289579
1.285074
1.280574
1.276078
1.271587
1.267101
1.262620
1.258143
1.253672
1.249205
1.244743
1.240286
1.235834
1.231387
1.226945
1.222508
1.218076
1.213650
1.209228
1.204812
1.200401
1.195995
1.191595
1.187200
1.182810
1.178426
1.174048
1.169674
1.165307
1.160944
1.156588
1.152237
1.147892
1.143552
1.139218
1.134890
1.130568
1.126252
1.121941
1.117636
1.113338
1.109045
1.104758
1.100477
1.096203
1.091934
1.087672
1.083415
1.079165
1.074921
1.070684
1.066452
1.062227
1.058009
1.053796
1.049591
1.045391
1.041198
1.037012
1.032832
1.028659
1.024492
1.020332
1.016179
1.012033
1.007893
1.003760
0.999633
0.995514
0.991402
0.987296
0.983197
0.979106
0.975021
0.970943
0.966873
0.962809
0.958753
0.954703
0.950661
0.946626
0.942599
0.938578
0.934565
0.930560
0.926561
0.922570
0.918587
0.914611
0.910642
0.906681
0.902728
0.898782
0.894843
0.890913
0.886990
0.883074
0.879167
0.875267
0.871375
0.867491
0.863614
0.859746
0.855885
0.852032
0.848188
0.844351
0.840522
0.836702
0.832889
0.829084
0.825288
0.821500
0.817720
0.813948
0.810184
0.806429
0.802682
0.798944
0.795213
0.791491
0.787778
0.784073
0.780376
0.776688
0.773008
0.769337
0.765675
0.762021
0.758376
0.754739
0.751111
0.747492
0.743882
0.740280
0.736687
0.733103
0.729528
0.725961
0.722404
0.718855
0.715316
0.711785
0.708263
0.704751
0.701247
0.697753
0.694267
0.690791
0.687324
0.683866
0.680417
0.676978
0.673547
0.670126
0.666715
0.663312
0.659919
0.656536
0.653161
0.649797
0.646441
0.643095
0.639759
0.636432
0.633115
0.629807
0.626509
0.623220
0.619941
0.616672
0.613412
0.610162
0.606922
0.603692
0.600471
0.597260
0.594059
0.590868
0.587686
0.584515
0.581353
0.578202
0.575060
0.571928
0.568807
0.565695
0.562593
0.559502
0.556420
0.553349
0.550288
0.547236
0.544195
0.541165
0.538144
0.535134
0.532134
0.529144
0.526164
0.523195
0.520236
0.517288
0.514350
0.511422
0.508505
0.505598
0.502701
0.499815
0.496940
0.494075
0.491220
0.488376
0.485543
0.482720
0.479908
0.477106
0.474316
0.471535
0.468766
0.466007
0.463259
0.460521
0.457795
0.455079
0.452374
0.449679
0.446996
0.444323
0.441662
0.439011
0.436371
0.433742
0.431123
0.428516
0.425920
0.423335
0.420760
0.418197
0.415645
0.413104
0.410573
0.408054
0.405546
0.403049
0.400564
0.398089
0.395626
0.393173
0.390732
0.388302
0.385883
0.383476
0.381080
0.378695
0.376321
0.373958
0.371607
0.369267
0.366939
0.364622
0.362316
0.360021
0.357738
0.355467
0.353206
0.350958
0.348720
0.346494
0.344280
0.342077
0.339885
0.337705
0.335537
0.333380
0.331234
0.329101
0.326978
0.324868
0.322768
0.320681
0.318605
0.316541
0.314488
0.312447
0.310417
0.308400
0.306394
0.304399
0.302417
0.300446
0.298487
0.296539
0.294603
0.292679
0.290767
0.288867
0.286978
0.285101
0.283236
0.281383
0.279541
0.277712
0.275894
0.274088
0.272294
0.270512
0.268741
0.266983
0.265236
0.263502
0.261779
0.260068
0.258369
0.256682
0.255007
0.253344
0.251693
0.250054
0.248426
0.246811
0.245208
0.243617
0.242037
0.240470
0.238915
0.237372
0.235840
0.234321
0.232814
0.231319
0.229836
0.228365
0.226906
0.225459
0.224024
0.222602
0.221191
0.219793
0.218406
0.217032
0.215669
0.214319
0.212981
0.211655
0.210342
0.209040
0.207750
0.206473
0.205208
0.203955
0.202714
0.201485
0.200268
0.199063
0.197871
0.196691
0.195523
0.194367
0.193223
0.192092
0.190972
0.189865
0.188770
0.187687
0.186617
0.185558
0.184512
0.183478
0.182456
0.181446
0.180448
0.179463
0.178490
0.177529
0.176580
0.175644
0.174719
0.173807
0.172907
0.172019
0.171144
0.170280
0.169429
0.168590
0.167764
0.166949
0.166147
0.165356
0.164578
0.163813
0.163059
0.162318
0.161588
0.160871
0.160166
0.159474
0.158793
0.158125
0.157469
0.156825
0.156193
0.155574
0.154966
0.154371
0.153788
0.153217
0.152658
0.152112
0.151577
0.151055
0.150545
0.150047
0.149561
0.149087
0.148626
0.148176
0.147739
0.147314
0.146900
0.146499
0.146111
0.145734
0.145369
0.145017
0.144676
0.144348
0.144031
0.143727
0.143435
0.143155
0.142887
0.142631
0.142387
0.142155
0.141935
0.141727
0.141531
0.141348
0.141176
0.141016
0.140868
0.140732
0.140608
0.140496
0.140397
0.140309
0.140233
0.140169
0.140116
0.140076
0.140048
0.140032
0.140027
0.140035
0.140054
0.140085
0.140128
0.140183
0.140250
0.140329
0.140419
0.140521
0.140635
0.140761
0.140899
0.141049
0.141210
0.141383
0.141568
0.141764
0.141973
0.142193
0.142424
0.142668
0.142923
0.143190
0.143468
0.143759
0.144060
0.144374
0.144699
0.145036
0.145384
0.145744
0.146116
0.146499
0.146893
0.147300
0.147717
0.148147
0.148588
0.149040
0.149504
0.149979
0.150466
0.150964
0.151473
0.151995
0.152527
0.153071
0.153626
0.154193
0.154771
0.155360
0.155961
0.156573
0.157196
0.157830
0.158476
0.159133
0.159802
0.160481
0.161172
0.161874
0.162587
0.163312
0.164047
0.164794
0.165552
0.166320
0.167100
0.167892
0.168694
0.169507
0.170331
0.171166
0.172013
0.172870
0.173738
0.174617
0.175507
0.176408
0.177320
0.178243
0.179177
0.180121
0.181077
0.182043
0.183020
0.184007
0.185006
0.186015
0.187035
0.188066
0.189107
0.190160
0.191222
0.192296
0.193380
0.194474
0.195580
0.196695
0.197822
0.198959
0.200106
0.201264
0.202432
0.203611
0.204800
0.206000
0.207210
0.208431
0.209661
0.210902
0.212154
0.213416
0.214688
0.215970
0.217263
0.218565
0.219878
0.221201
0.222535
0.223878
0.225232
0.226595
0.227969
0.229353
0.230747
0.232151
0.233564
0.234988
0.236422
0.237866
0.239319
0.240783
0.242256
0.243739
0.245232
0.246735
0.248248
0.249770
0.251302
0.252844
0.254395
0.255956
0.257527
0.259107
0.260697
0.262297
0.263906
0.265525
0.267153
0.268790
0.270437
0.272094
0.273760
0.275435
0.277120
0.278814
0.280517
0.282230
0.283952
0.285683
0.287423
0.289173
0.290931
0.292699
0.294476
0.296262
0.298057
0.299862
0.301675
0.303497
0.305328
0.307168
0.309017
0.310875
0.312742
0.314618
0.316503
0.318396
0.320298
0.322209
0.324128
0.326057
0.327994
0.329939
0.331893
0.333856
0.335828
0.337808
0.339796
0.341793
0.343798
0.345812
0.347834
0.349865
0.351904
0.353951
0.356007
0.358071
0.360143
0.362223
0.364312
0.366408
0.368513
0.370626
0.372747
0.374876
0.377013
0.379158
0.381312
0.383473
0.385642
0.387818
0.390003
0.392196
0.394396
0.396604
0.398820
0.401044
0.403275
0.405514
0.407761
0.410015
0.412277
0.414546
0.416823
0.419107
0.421399
0.423699
0.426005
0.428319
0.430641
0.432970
0.435306
0.437649
0.440000
0.442357
0.444722
0.447094
0.449474
0.451860
0.454253
0.456654
0.459061
0.461475
0.463897
0.466325
0.468760
0.471202
0.473651
0.476106
0.478568
0.481037
0.483513
0.485996
0.488485
0.490980
0.493483
0.495991
0.498507
0.501028
0.503556
0.506091
0.508632
0.511180
0.513733
0.516293
0.518860
0.521432
0.524011
0.526596
0.529187
0.531784
0.534387
0.536997
0.539612
0.542233
0.544861
0.547494
0.550133
0.552778
0.555429
0.558085
0.560748
0.563416
0.566090
0.568769
0.571454
0.574145
0.576841
0.579543
0.582250
0.584963
0.587681
0.590405
0.593134
0.595869
0.598608
0.601353
0.604104
0.606859
0.609620
0.612386
0.615157
0.617933
0.620714
0.623500
0.626292
0.629088
0.631889
0.634695
0.637505
0.640321
0.643142
0.645967
0.648797
0.651631
0.654471
0.657315
0.660163
0.663016
0.665874
0.668736
0.671603
0.674474
0.677349
0.680229
0.683113
0.686002
0.688895
0.691792
0.694693
0.697598
0.700508
0.703421
0.706339
0.709261
0.712186
0.715116
0.718050
0.720987
0.723929
0.726874
0.729823
0.732776
0.735732
0.738692
0.741656
0.744624
0.747595
0.750569
0.753548
0.756529
0.759515
0.762503
0.765495
0.768490
0.771489
0.774491
0.777496
0.780505
0.783517
0.786531
0.789549
0.792570
0.795594
0.798622
0.801652
0.804685
0.807721
0.810759
0.813801
0.816846
0.819893
0.822943
0.825996
0.829051
0.832109
0.835170
0.838233
0.841299
0.844368
0.847439
0.850512
0.853587
0.856666
0.859746
0.862829
0.865914
0.869001
0.872090
0.875182
0.878276
0.881371
0.884469
0.887569
0.890671
0.893775
0.896881
0.899988
0.903098
0.906209
0.909323
0.912437
0.915554
0.918672
0.921792
0.924914
0.928037
0.931162
0.934288
0.937416
0.940545
0.943676
0.946808
0.949941
0.953076
0.956212
0.959349
0.962487
0.965627
0.968768
0.971910
0.975052
0.978196
0.981341
0.984487
0.987634
0.990782
0.993930
0.997080
1.000230
1.003381
1.006533
1.009685
1.012838
1.015992
1.019147
1.022301
1.025457
1.028613
1.031769
1.034926
1.038083
1.041241
1.044399
1.047557
1.050715
1.053874
1.057033
1.060192
1.063351
1.066510
1.069669
1.072829
1.075988
1.079147
1.082306
1.085465
1.088624
1.091783
1.094941
1.098099
1.101257
1.104415
1.107572
1.110729
1.113886
1.117042
1.120197
1.123352
1.126507
1.129661
1.132814
1.135966
1.139118
1.142270
1.145420
1.148570
1.151719
1.154867
1.158014
1.161160
1.164305
1.167449
1.170593
1.173735
1.176876
1.180016
1.183155
1.186293
1.189429
1.192564
1.195698
1.198831
1.201962
1.205092
1.208221
1.211348
1.214473
1.217598
1.220720
1.223841
1.226961
1.230078
1.233194
1.236309
1.239421
1.242532
1.245641
1.248749
1.251854
1.254958
1.258059
1.261159
1.264256
1.267352
1.270445
1.273537
1.276626
1.279714
1.282799
1.285881
1.288962
1.292040
1.295116
1.298190
1.301261
1.304330
1.307397
1.310460
1.313522
1.316581
1.319637
1.322691
1.325742
1.328791
1.331837
1.334880
1.337920
1.340958
1.343993
1.347025
1.350054
1.353080
1.356104
1.359124
1.362141
1.365156
1.368167
1.371175
1.374180
1.377182
1.380181
1.383177
1.386169
1.389158
1.392144
1.395126
1.398106
1.401081
1.404054
1.407023
1.409988
1.412950
1.415909
1.418864
1.421815
1.424762
1.427706
1.430647
1.433583
1.436516
1.439446
1.442371
1.445292
1.448210
1.451124
1.454034
1.456940
1.459842
1.462740
1.465634
1.468524
1.471410
1.474292
1.477169
1.480043
1.482912
1.485777
1.488638
1.491495
1.494347
1.497195
1.500038
1.502878
1.505712
1.508543
1.511369
1.514190
1.517007
1.519819
1.522627
1.525430
1.528228
1.531022
1.533811
1.536596
1.539376
1.542150
1.544921
1.547686
1.550446
1.553202
1.555953
1.558699
1.561439
1.564175
1.566906
1.569632
1.572353
1.575068
1.577779
1.580485
1.583185
1.585880
1.588570
1.591254
1.593934
1.596608
1.599277
1.601940
1.604599
1.607251
1.609899
1.612540
1.615177
1.617808
1.620433
1.623053
1.625668
1.628276
1.630880
1.633477
1.636069
1.638655
1.641236
1.643810
1.646379
1.648943
1.651500
1.654052
1.656597
1.659137
1.661672
1.664200
1.666722
1.669238
1.671748
1.674252
1.676751
1.679243
1.681729
1.684209
1.686683
1.689150
1.691612
1.694067
1.696516
1.698959
1.701396
1.703826
1.706250
1.708668
1.711080
1.713485
1.715883
1.718276
1.720661
1.723041
1.725414
1.727780
1.730140
1.732494
1.734840
1.737181
1.739514
1.741841
1.744162
1.746476
1.748783
1.751083
1.753377
1.755664
1.757944
1.760217
1.762484
1.764744
1.766997
1.769243
1.771482
1.773714
1.775940
1.778158
1.780370
1.782575
1.784772
1.786963
1.789146
1.791323
1.793492
1.795655
1.797810
1.799958
1.802099
1.804233
1.806360
1.808479
1.810592
1.812697
1.814795
1.816885
1.818969
1.821045
1.823113
1.825175
1.827229
1.829275
1.831315
1.833347
1.835371
1.837388
1.839398
1.841400
1.843395
1.845382
1.847362
1.849334
1.851298
1.853256
1.855205
1.857147
1.859081
1.861008
1.862927
1.864838
1.866742
1.868638
1.870527
1.872407
1.874280
1.876145
1.878003
1.879853
1.881695
1.883529
1.885355
1.887174
1.888984
1.890787
1.892582
1.894369
1.896148
1.897920
1.899683
1.901439
1.903186
1.904926
1.906657
1.908381
1.910097
1.911804
1.913504
1.915195
1.916879
1.918554
1.920222
1.921881
1.923532
1.925176
1.926811
1.928438
1.930056
1.931667
1.933270
1.934864
1.936450
1.938028
1.939598
1.941159
1.942713
1.944258
1.945794
1.947323
1.948843
1.950355
1.951859
1.953355
1.954842
1.956321
1.957791
1.959253
1.960707
1.962153
1.963590
1.965019
1.966439
1.967851
1.969255
1.970650
1.972037
1.973416
1.974786
1.976147
1.977500
1.978845
1.980181
1.981509
1.982828
1.984139
1.985441
1.986735
1.988020
1.989297
1.990566
1.991825
1.993077
1.994319
1.995553
1.996779
1.997996
1.999205
2.000405
2.001596
2.002779
2.003953
2.005119
2.006276
2.007424
2.008564
2.009695
2.010818
2.011932
2.013037
2.014134
2.015222
2.016301
2.017372
2.018434
2.019487
2.020532
2.021569
2.022596
2.023615
2.024625
2.025626
2.026619
2.027603
2.028579
2.029546
2.030504
2.031453
2.032393
2.033325
2.034249
2.035163
2.036069
2.036966
2.037855
2.038734
2.039605
2.040468
2.041321
2.042166
2.043002
2.043829
2.044648
2.045458
2.046259
2.047052
2.047835
2.048610
2.049377
2.050134
2.050883
2.051623
2.052355
2.053077
2.053791
2.054496
2.055192
2.055880
2.056559
2.057229
2.057891
2.058544
2.059188
2.059823
2.060450
2.061067
2.061677
2.062277
2.062869
2.063452
2.064026
2.064591
2.065148
2.065696
2.066236
2.066766
2.067288
2.067801
2.068306
2.068802
2.069289
2.069768
2.070237
2.070699
2.071151
2.071595
2.072030
2.072456
2.072874
2.073283
2.073684
2.074075
2.074458
2.074833
2.075199
2.075556
2.075904
2.076244
2.076576
2.076898
2.077212
2.077518
2.077815
2.078103
2.078382
2.078654
2.078916
2.079170
2.079415
2.079652
2.079880
2.080100
2.080311
2.080513
2.080708
2.080893
2.081070
2.081238
2.081398
2.081550
2.081693
2.081827
2.081953
2.082071
2.082180
2.082280
2.082372
2.082456
2.082531
2.082598
2.082657
2.082706
2.082748
2.082781
2.082806
2.082823
2.082831
2.082830
2.082822
2.082805
2.082780
2.082746
2.082704
2.082654
2.082595
2.082528
2.082453
2.082370
2.082278
2.082179
2.082070
2.081954
2.081830
2.081697
2.081556
2.081407
2.081249
2.081084
2.080910
2.080729
2.080539
2.080341
2.080135
2.079921
2.079699
2.079468
2.079230
2.078984
2.078729
2.078466
2.078196
2.077918
2.077631
2.077337
2.077034
2.076724
2.076406
2.076079
2.075745
2.075403
2.075053
2.074696
2.074330
2.073956
2.073575
2.073186
2.072789
2.072385
2.071972
2.071552
2.071124
2.070688
2.070245
2.069793
2.069335
2.068868
2.068394
2.067912
2.067423
2.066926
2.066421
2.065909
2.065389
2.064862
2.064327
2.063784
2.063234
2.062677
2.062112
2.061540
2.060960
2.060373
2.059778
2.059176
2.058566
2.057950
2.057325
2.056694
2.056055
2.055409
2.054756
2.054095
2.053427
2.052752
2.052070
2.051380
2.050683
2.049980
2.049269
2.048551
2.047825
2.047093
2.046354
2.045607
2.044854
2.044093
2.043326
2.042551
2.041770
2.040981
2.040186
2.039384
2.038575
2.037759
2.036936
2.036106
2.035270
2.034426
2.033576
2.032720
2.031856
2.030986
2.030109
2.029225
2.028335
2.027438
2.026535
2.025624
2.024708
2.023784
2.022855
2.021918
2.020976
2.020026
2.019070
2.018108
2.017140
2.016165
2.015183
2.014196
2.013202
2.012201
2.011195
2.010182
2.009163
2.008137
2.007106
2.006068
2.005024
2.003974
2.002918
2.001856
2.000788
1.999713
1.998633
1.997547
1.996454
1.995356
1.994252
1.993142
1.992025
1.990903
1.989776
1.988642
1.987503
1.986358
1.985207
1.984050
1.982888
1.981720
1.980546
1.979367
1.978181
1.976991
1.975795
1.974593
1.973386
1.972173
1.970955
1.969731
1.968503
1.967268
1.966028
1.964783
1.963533
1.962277
1.961016
1.959749
1.958478
1.957201
1.955919
1.954632
1.953340
1.952042
1.950740
1.949432
1.948120
1.946802
1.945480
1.944152
1.942820
1.941483
1.940140
1.938793
1.937441
1.936085
1.934723
1.933357
1.931986
1.930610
1.929230
1.927845
1.926455
1.925061
1.923662
1.922259
1.920851
1.919439
1.918022
1.916601
1.915175
1.913745
1.912311
1.910872
1.909429
1.907982
1.906530
1.905074
1.903614
1.902150
1.900682
1.899209
1.897733
1.896252
1.894767
1.893279
1.891786
1.890289
1.888789
1.887285
1.885776
1.884264
1.882748
1.881228
1.879705
1.878178
1.876647
1.875112
1.873574
1.872032
1.870486
1.868937
1.867384
1.865828
1.864269
1.862705
1.861139
1.859569
1.857996
1.856419
1.854839
1.853256
1.851669
1.850080
1.848487
1.846891
1.845291
1.843689
1.842084
1.840475
1.838864
1.837249
1.835632
1.834011
1.832388
1.830762
1.829133
1.827501
1.825866
1.824228
1.822588
1.820945
1.819300
1.817652
1.816001
1.814347
1.812691
1.811033
1.809372
1.807708
1.806042
1.804374
1.802703
1.801030
1.799354
1.797677
1.795997
1.794314
1.792630
1.790943
1.789255
1.787564
1.785871
1.784176
1.782479
1.780780
1.779078
1.777376
1.775671
1.773964
1.772255
1.770545
1.768833
1.767119
1.765403
1.763686
1.761967
1.760246
1.758524
1.756800
1.755075
1.753348
1.751620
1.749890
1.748158
1.746426
1.744692
1.742957
1.741220
1.739482
1.737743
1.736003
1.734261
1.732518
1.730775
1.729030
1.727284
1.725537
1.723789
1.722040
1.720290
1.718540
1.716788
1.715036
1.713282
1.711528
1.709774
1.708018
1.706262
1.704505
1.702748
1.700990
1.699231
1.697472
1.695713
1.693952
1.692192
1.690431
1.688670
1.686908
1.685146
1.683384
1.681621
1.679859
1.678096
1.676333
1.674570
1.672806
1.671043
1.669280
1.667516
1.665753
1.663990
1.662227
1.660464
1.658701
1.656938
1.655175
1.653413
1.651651
1.649889
1.648128
1.646367
1.644607
1.642846
1.641087
1.639328
1.637569
1.635811
1.634053
1.632297
1.630540
1.628785
1.627030
1.625276
1.623523
1.621770
1.620018
1.618268
1.616518
1.614769
1.613021
1.611274
1.609528
1.607783
1.606039
1.604296
1.602555
1.600814
1.599075
1.597337
1.595601
1.593865
1.592131
1.590399
1.588667
1.586937
1.585209
1.583482
1.581757
1.580033
1.578311
1.576590
1.574871
1.573154
1.571438
1.569724
1.568012
1.566302
1.564593
1.562887
1.561182
1.559479
1.557778
1.556079
1.554382
1.552688
1.550995
1.549304
1.547616
1.545929
1.544245
1.542563
1.540883
1.539206
1.537531
1.535858
1.534188
1.532520
1.530854
1.529191
1.527531
1.525873
1.524217
1.522564
1.520914
1.519266
1.517621
1.515979
1.514340
1.512703
1.511069
1.509438
1.507810
1.506184
1.504562
1.502943
1.501326
1.499713
1.498102
1.496495
1.494891
1.493289
1.491691
1.490097
1.488505
1.486917
1.485332
1.483750
1.482172
1.480596
1.479025
1.477457
1.475892
1.474331
1.472773
1.471218
1.469668
1.468121
1.466577
1.465037
1.463501
1.461969
1.460440
1.458915
1.457394
1.455877
1.454364
1.452854
1.451349
1.449847
1.448349
1.446856
1.445366
1.443881
1.442399
1.440922
1.439449
1.437980
1.436515
1.435054
1.433598
1.432146
1.430698
1.429255
1.427816
1.426381
1.424951
1.423525
1.422104
1.420687
1.419275
1.417867
1.416464
1.415066
1.413672
1.412283
1.410898
1.409519
1.408144
1.406774
1.405408
1.404048
1.402692
1.401341
1.399996
1.398655
1.397319
1.395988
1.394662
1.393341
1.392026
1.390715
1.389410
1.388109
1.386814
1.385524
1.384240
1.382960
1.381686
1.380417
1.379154
1.377896
1.376643
1.375396
1.374154
1.372918
1.371687
1.370462
1.369242
1.368028
1.366819
1.365616
1.364419
1.363228
1.362042
1.360862
1.359687
1.358519
1.357356
1.356199
1.355048
1.353903
1.352763
1.351630
1.350502
1.349381
1.348266
1.347156
1.346053
1.344956
1.343864
1.342779
1.341701
1.340628
1.339561
1.338501
1.337447
1.336399
1.335358
1.334323
1.333294
1.332271
1.331255
1.330246
1.329242
1.328246
1.327255
1.326272
1.325294
1.324324
1.323360
1.322402
1.321451
1.320507
1.319569
1.318638
1.317714
1.316797
1.315886
1.314982
1.314085
1.313195
1.312311
1.311435
1.310565
1.309702
1.308846
1.307997
1.307155
1.306321
1.305493
1.304672
1.303858
1.303051
1.302252
1.301459
1.300674
1.299896
1.299124
1.298361
1.297604
1.296855
1.296113
1.295378
1.294651
1.293930
1.293218
1.292512
1.291814
1.291124
1.290440
1.289765
1.289096
1.288436
1.287782
1.287137
1.286498
1.285868
1.285245
1.284629
1.284021
1.283421
1.282829
1.282244
1.281667
1.281097
1.280535
1.279982
1.279435
1.278897
1.278366
1.277844
1.277329
1.276822
1.276323
1.275831
1.275348
1.274873
1.274405
1.273946
1.273494
1.273051
1.272615
1.272188
1.271768
1.271357
1.270954
1.270558
1.270172
1.269793
1.269422
1.269059
1.268705
1.268359
1.268021
1.267691
1.267370
1.267056
1.266751
1.266455
1.266166
1.265886
1.265615
1.265351
1.265096
1.264850
1.264612
1.264382
1.264161
1.263948
1.263743
1.263547
1.263360
1.263181
1.263011
1.262849
1.262695
1.262551
1.262414
1.262287
1.262168
1.262057
1.261955
1.261862
1.261778
1.261702
1.261635
1.261576
1.261527
1.261486
1.261453
1.261430
1.261415
1.261409
1.261412
1.261423
1.261443
1.261472
1.261510
1.261557
1.261613
1.261677
1.261751
1.261833
1.261924
1.262024
1.262133
1.262251
1.262378
1.262514
1.262658
1.262812
1.262975
1.263147
1.263327
1.263517
1.263716
1.263923
1.264140
1.264366
1.264601
1.264845
1.265098
1.265360
1.265631
1.265911
1.266201
1.266500
1.266807
1.267124
1.267450
1.267785
1.268129
1.268483
1.268846
1.269217
1.269598
1.269989
1.270388
1.270797
1.271215
1.271642
1.272078
1.272524
1.272979
1.273443
1.273916
1.274399
1.274891
1.275392
1.275903
1.276423
1.276952
1.277490
1.278038
1.278595
1.279162
1.279738
1.280323
1.280917
1.281521
1.282135
1.282757
1.283389
1.284030
1.284681
1.285341
1.286011
1.286690
1.287378
1.288076
1.288783
1.289499
1.290225
1.290960
1.291705
1.292459
1.293223
1.293996
1.294778
1.295570
1.296372
1.297182
1.298003
1.298832
1.299671
1.300520
1.301378
1.302245
1.303123
1.304009
1.304905
1.305810
1.306725
1.307649
1.308583
1.309526
1.310479
1.311441
1.312413
1.313394
1.314385
1.315385
1.316394
1.317414
1.318442
1.319480
1.320528
1.321585
1.322651
1.323727
1.324813
1.325908
1.327012
1.328126
1.329249
1.330382
1.331524
1.332676
1.333838
1.335008
1.336189
1.337378
1.338577
1.339786
1.341004
1.342232
1.343469
1.344715
1.345971
1.347237
1.348512
1.349796
1.351090
1.352393
1.353706
1.355028
1.356359
1.357700
1.359051
1.360410
1.361780
1.363158
1.364546
1.365944
1.367351
1.368767
1.370193
1.371628
1.373073
1.374526
1.375990
1.377462
1.378944
1.380436
1.381936
1.383447
1.384966
1.386495
1.388033
1.389580
1.391137
1.392704
1.394279
1.395864
1.397458
1.399061
1.400674
1.402296
1.403927
1.405568
1.407217
1.408876
1.410545
1.412222
1.413909
1.415605
1.417310
1.419025
1.420748
1.422481
1.424223
1.425975
1.427735
1.429505
1.431283
1.433071
1.434868
1.436674
1.438490
1.440314
1.442148
1.443990
1.445842
1.447703
1.449573
1.451452
1.453340
1.455237
1.457143
1.459058
1.460982
1.462915
1.464857
1.466808
1.468768
1.470737
1.472715
1.474702
1.476698
1.478702
1.480716
1.482738
1.484770
1.486810
1.488859
1.490917
1.492984
1.495060
1.497144
1.499237
1.501339
1.503450
1.505570
1.507698
1.509835
1.511981
1.514135
1.516299
1.518470
1.520651
1.522840
1.525038
1.527245
1.529460
1.531683
1.533916
1.536157
1.538406
1.540664
1.542931
1.545206
1.547489
1.549781
1.552082
1.554391
1.556708
1.559034
1.561368
1.563711
1.566062
1.568422
1.570790
1.573166
1.575550
1.577943
1.580344
1.582754
1.585171
1.587597
1.590031
1.592474
1.594924
1.597383
1.599850
1.602325
1.604808
1.607299
1.609799
1.612306
1.614822
1.617345
1.619877
1.622416
1.624964
1.627520
1.630083
1.632655
1.635234
1.637821
1.640417
1.643020
1.645631
1.648249
1.650876
1.653510
1.656152
1.658802
1.661460
1.664125
1.666798
1.669479
1.672167
1.674863
1.677567
1.680278
1.682997
1.685724
1.688457
1.691199
1.693948
1.696704
1.699468
1.702240
1.705018
1.707804
1.710598
1.713399
1.716207
1.719023
1.721846
1.724676
1.727513
1.730358
1.733209
1.736068
1.738935
1.741808
1.744688
1.747576
1.750471
1.753372
1.756281
1.759197
1.762119
1.765049
1.767986
1.770929
1.773880
1.776837
1.779801
1.782772
1.785750
1.788735
1.791726
1.794724
1.797729
1.800741
1.803759
1.806784
1.809816
1.812854
1.815898
1.818950
1.822007
1.825072
1.828142
1.831220
1.834303
1.837393
1.840490
1.843592
1.846702
1.849817
1.852939
1.856067
1.859201
1.862341
1.865488
1.868641
1.871799
1.874964
1.878136
1.881313
1.884496
1.887685
1.890880
1.894081
1.897288
1.900501
1.903720
1.906945
1.910175
1.913411
1.916653
1.919901
1.923155
1.926414
1.929679
1.932949
1.936225
1.939507
1.942794
1.946087
1.949385
1.952689
1.955998
1.959313
1.962633
1.965958
1.969289
1.972625
1.975966
1.979313
1.982664
1.986022
1.989384
1.992751
1.996123
1.999501
2.002883
2.006271
2.009663
2.013061
2.016464
2.019871
2.023283
2.026700
2.030122
2.033549
2.036981
2.040417
2.043858
2.047303
2.050754
2.054209
2.057668
2.061132
2.064601
2.068074
2.071552
2.075034
2.078521
2.082011
2.085506
2.089006
2.092510
2.096018
2.099530
2.103047
2.106568
2.110093
2.113622
2.117155
2.120692
2.124233
2.127778
2.131327
2.134881
2.138438
2.141998
2.145563
2.149131
2.152704
2.156280
2.159859
2.163443
2.167030
2.170620
2.174215
2.177813
2.181414
2.185019
2.188627
2.192239
2.195854
2.199472
2.203094
2.206719
2.210348
2.213979
2.217614
2.221252
2.224894
2.228538
2.232185
2.235836
2.239489
2.243146
2.246805
2.250468
2.254133
2.257801
2.261472
2.265145
2.268822
2.272501
2.276183
2.279867
2.283554
2.287244
2.290936
2.294631
2.298328
2.302028
2.305730
2.309435
2.313142
2.316851
2.320563
2.324276
2.327992
2.331711
2.335431
2.339154
2.342878
2.346605
2.350333
2.354064
2.357797
2.361531
2.365268
2.369006
2.372746
2.376488
2.380232
2.383977
2.387724
2.391473
2.395223
2.398975
2.402729
2.406484
2.410240
2.413998
2.417758
2.421519
2.425281
2.429044
2.432809
2.436574
2.440342
2.444110
2.447879
2.451650
2.455421
2.459194
2.462968
2.466743
2.470518
2.474294
2.478072
2.481850
2.485629
2.489408
2.493189
2.496970
2.500752
2.504534
2.508317
2.512100
2.515884
2.519669
2.523454
2.527239
2.531025
2.534811
2.538597
2.542384
2.546171
2.549958
2.553745
2.557532
2.561320
2.565107
2.568895
2.572682
2.576470
2.580257
2.584044
2.587831
2.591618
2.595405
2.599191
2.602977
2.606763
2.610548
2.614333
2.618118
2.621902
2.625685
2.629468
2.633251
2.637033
2.640814
2.644594
2.648374
2.652153
2.655931
2.659708
2.663485
2.667261
2.671035
2.674809
2.678582
2.682353
2.686124
2.689893
2.693661
2.697428
2.701194
2.704959
2.708722
2.712484
2.716245
2.720004
2.723762
2.727518
2.731273
2.735026
2.738778
2.742528
2.746276
2.750023
2.753768
2.757511
2.761253
2.764992
2.768730
2.772466
2.776200
2.779932
2.783661
2.787389
2.791115
2.794839
2.798560
2.802279
2.805997
2.809711
2.813424
2.817134
2.820842
2.824547
2.828250
2.831951
2.835649
2.839345
2.843037
2.846728
2.850415
2.854100
2.857782
2.861462
2.865138
2.868812
2.872483
2.876151
2.879816
2.883478
2.887138
2.890794
2.894447
2.898097
2.901743
2.905387
2.909027
2.912664
2.916298
2.919929
2.923556
2.927179
2.930800
2.934417
2.938030
2.941639
2.945246
2.948848
2.952447
2.956043
2.959634
2.963222
2.966806
2.970386
2.973962
2.977535
2.981103
2.984668
2.988228
2.991785
2.995337
2.998886
3.002430
3.005970
3.009506
3.013037
3.016565
3.020088
3.023606
3.027121
3.030631
3.034136
3.037637
3.041133
3.044625
3.048112
3.051595
3.055073
3.058547
3.062015
3.065479
3.068938
3.072392
3.075841
3.079286
3.082726
3.086160
3.089590
3.093014
3.096434
3.099848
3.103257
3.106661
3.110060
3.113454
3.116842
3.120225
3.123603
3.126975
3.130342
3.133703
3.137059
3.140410
3.143755
3.147094
3.150428
3.153756
3.157078
3.160395
3.163706
3.167011
3.170311
3.173604
3.176892
3.180174
3.183450
3.186719
3.189983
3.193241
3.196493
3.199739
3.202978
3.206211
3.209438
3.212659
3.215874
3.219082
3.222284
3.225480
3.228669
3.231852
3.235028
3.238198
3.241361
3.244518
3.247668
3.250811
3.253948
3.257078
3.260202
3.263319
3.266428
3.269531
3.272628
3.275717
3.278799
3.281875
3.284943
3.288005
3.291059
3.294107
3.297147
3.300180
3.303206
3.306225
3.309237
3.312241
3.315238
3.318228
3.321210
3.324185
3.327152
3.330112
3.333065
3.336010
3.338948
3.341878
3.344800
3.347715
3.350622
3.353522
3.356414
3.359298
3.362174
3.365042
3.367903
3.370756
3.373601
3.376438
3.379267
3.382087
3.384901
3.387706
3.390502
3.393291
3.396072
3.398844
3.401608
3.404365
3.407112
3.409852
3.412583
3.415306
3.418021
3.420727
3.423424
3.426114
3.428795
3.431467
3.434131
3.436786
3.439433
3.442070
3.444700
3.447321
3.449933
3.452536
3.455130
3.457716
3.460293
3.462861
3.465420
3.467971
3.470512
3.473045
3.475568
3.478083
3.480588
3.483084
3.485572
3.488050
3.490519
3.492979
3.495430
3.497871
3.500304
3.502727
3.505140
3.507545
3.509940
3.512325
3.514702
3.517068
3.519426
3.521774
3.524112
3.526441
3.528760
3.531070
3.533370
3.535661
3.537942
3.540213
3.542475
3.544726
3.546968
3.549201
3.551423
3.553636
3.555839
3.558032
3.560215
3.562388
3.564551
3.566704
3.568847
3.570981
3.573104
3.575217
3.577320
3.579413
3.581496
3.583568
3.585631
3.587683
3.589725
3.591757
3.593778
3.595789
3.597790
3.599781
3.601761
3.603731
3.605690
3.607639
3.609578
3.611506
3.613423
3.615330
3.617227
3.619112
3.620988
3.622853
3.624707
3.626550
3.628383
3.630205
